date,location,fuel_type,min_price,avg_price,max_price,cheapest_price,station_count
2003-01-01,CHEYNES,ulp_91,103.5,104.5,105.5,103.5,2
2003-01-02,CHEYNES,ulp_91,103.5,104.5,105.5,103.5,2
2003-01-03,CHEYNES,ulp_91,103.5,104.5,105.5,103.5,2
2003-01-04,CHEYNES,ulp_91,103.5,104.5,105.5,103.5,2
2003-01-05,CHEYNES,ulp_91,103.5,104.5,105.5,103.5,2
2003-01-06,CHEYNES,ulp_91,103.5,104.5,105.5,103.5,2
2003-01-07,CHEYNES,ulp_91,103.5,104.5,105.5,103.5,2
2003-01-08,CHEYNES,ulp_91,103.5,104.5,105.5,103.5,2
2003-01-09,CHEYNES,ulp_91,103.5,104.5,105.5,103.5,2
2003-01-10,CHEYNES,ulp_91,103.5,104.5,105.5,103.5,2
2003-01-11,CHEYNES,ulp_91,103.5,104.5,105.5,103.5,2
2003-01-12,CHEYNES,ulp_91,103.5,104.5,105.5,103.5,2
2003-01-13,CHEYNES,ulp_91,103.5,104.5,105.5,103.5,2
2003-01-14,CHEYNES,ulp_91,103.5,104.5,105.5,103.5,2
2003-01-15,CHEYNES,ulp_91,103.5,104.5,105.5,103.5,2
2003-01-16,CHEYNES,ulp_91,103.5,104.5,105.5,103.5,2
2003-01-17,CHEYNES,ulp_91,103.5,104.5,105.5,103.5,2
2003-01-18,CHEYNES,ulp_91,104.5,105.5,106.5,104.5,2
2003-01-19,CHEYNES,ulp_91,104.5,105.5,106.5,104.5,2
2003-01-20,CHEYNES,ulp_91,104.5,105.5,106.5,104.5,2
2003-01-21,CHEYNES,ulp_91,104.5,105.5,106.5,104.5,2
2003-01-22,CHEYNES,ulp_91,104.5,105.5,106.5,104.5,2
2003-01-23,CHEYNES,ulp_91,104.5,105.5,106.5,104.5,2
2003-01-24,CHEYNES,ulp_91,104.5,105.5,106.5,104.5,2
2003-01-25,CHEYNES,ulp_91,104.5,105.5,106.5,104.5,2
2003-01-26,CHEYNES,ulp_91,104.5,105.5,106.5,104.5,2
2003-01-27,CHEYNES,ulp_91,104.5,105.5,106.5,104.5,2
2003-01-28,CHEYNES,ulp_91,104.5,105.5,106.5,104.5,2
2003-01-29,CHEYNES,ulp_91,104.5,105.5,106.5,104.5,2
2003-01-30,CHEYNES,ulp_91,104.5,105.5,106.5,104.5,2
2003-01-31,CHEYNES,ulp_91,104.5,105.5,106.5,104.5,2
2003-02-01,CHEYNES,ulp_91,104.5,105.5,106.5,104.5,2
2003-02-02,CHEYNES,ulp_91,104.5,105.5,106.5,104.5,2
2003-02-03,CHEYNES,ulp_91,104.5,105.5,106.5,104.5,2
2003-02-04,CHEYNES,ulp_91,104.5,105.5,106.5,104.5,2
2003-02-05,CHEYNES,ulp_91,104.5,105.5,106.5,104.5,2
2003-02-06,CHEYNES,ulp_91,104.5,105.5,106.5,104.5,2
2003-02-07,CHEYNES,ulp_91,104.5,105.5,106.5,104.5,2
2003-02-08,CHEYNES,ulp_91,104.5,105.5,106.5,104.5,2
2003-02-09,CHEYNES,ulp_91,104.5,105.5,106.5,104.5,2
2003-02-10,CHEYNES,ulp_91,104.5,105.5,106.5,104.5,2
2003-02-11,CHEYNES,ulp_91,104.5,105.5,106.5,104.5,2
2003-02-12,CHEYNES,ulp_91,104.5,105.5,106.5,104.5,2
2003-02-13,CHEYNES,ulp_91,104.5,105.5,106.5,104.5,2
2003-02-14,CHEYNES,ulp_91,104.5,105.5,106.5,104.5,2
2003-02-15,CHEYNES,ulp_91,109.0,110.0,111.0,109.0,2
2003-02-16,CHEYNES,ulp_91,109.0,110.0,111.0,109.0,2
2003-02-17,CHEYNES,ulp_91,109.0,110.0,111.0,109.0,2
2003-02-18,CHEYNES,ulp_91,109.0,110.0,111.0,109.0,2
2003-02-19,CHEYNES,ulp_91,109.0,110.0,111.0,109.0,2
2003-02-20,CHEYNES,ulp_91,110.5,110.8,111.0,110.5,2
2003-02-21,CHEYNES,ulp_91,110.5,112.0,113.5,110.5,2
2003-02-22,CHEYNES,ulp_91,110.5,112.0,113.5,110.5,2
2003-02-23,CHEYNES,ulp_91,110.5,112.0,113.5,110.5,2
2003-02-24,CHEYNES,ulp_91,110.5,112.0,113.5,110.5,2
2003-02-25,CHEYNES,ulp_91,110.5,112.0,113.5,110.5,2
2003-02-26,CHEYNES,ulp_91,110.5,112.0,113.5,110.5,2
2003-02-27,CHEYNES,ulp_91,110.5,112.0,113.5,110.5,2
2003-02-28,CHEYNES,ulp_91,110.5,112.0,113.5,110.5,2
2004-01-01,CHEYNES,ulp_91,101.9,101.9,101.9,101.9,1
2004-01-02,CHEYNES,ulp_91,101.9,101.9,101.9,101.9,1
2004-01-03,CHEYNES,ulp_91,101.9,101.9,101.9,101.9,1
2004-01-04,CHEYNES,ulp_91,101.9,101.9,101.9,101.9,1
2004-01-05,CHEYNES,ulp_91,101.9,101.9,101.9,101.9,1
2004-01-06,CHEYNES,ulp_91,101.9,101.9,101.9,101.9,1
2004-01-07,CHEYNES,ulp_91,101.9,101.9,101.9,101.9,1
2004-01-08,CHEYNES,ulp_91,101.9,101.9,101.9,101.9,1
2004-01-09,CHEYNES,ulp_91,101.9,101.9,101.9,101.9,1
2004-01-10,CHEYNES,ulp_91,101.9,101.9,101.9,101.9,1
2004-01-11,CHEYNES,ulp_91,101.9,101.9,101.9,101.9,1
2004-01-12,CHEYNES,ulp_91,101.9,101.9,101.9,101.9,1
2004-01-13,CHEYNES,ulp_91,104.0,104.0,104.0,104.0,1
2004-01-14,CHEYNES,ulp_91,104.0,104.0,104.0,104.0,1
2004-01-15,CHEYNES,ulp_91,104.0,104.0,104.0,104.0,1
2004-01-16,CHEYNES,ulp_91,104.0,104.0,104.0,104.0,1
2004-01-17,CHEYNES,ulp_91,104.0,104.0,104.0,104.0,1
2004-01-18,CHEYNES,ulp_91,104.0,104.0,104.0,104.0,1
2004-01-19,CHEYNES,ulp_91,104.0,104.0,104.0,104.0,1
2004-01-20,CHEYNES,ulp_91,104.0,104.0,104.0,104.0,1
2004-01-21,CHEYNES,ulp_91,104.0,104.0,104.0,104.0,1
2004-01-22,CHEYNES,ulp_91,104.0,104.0,104.0,104.0,1
2004-01-23,CHEYNES,ulp_91,104.0,104.0,104.0,104.0,1
2004-01-24,CHEYNES,ulp_91,104.0,104.0,104.0,104.0,1
2004-01-25,CHEYNES,ulp_91,104.0,104.0,104.0,104.0,1
2004-01-26,CHEYNES,ulp_91,104.0,104.0,104.0,104.0,1
2004-01-27,CHEYNES,ulp_91,104.0,104.0,104.0,104.0,1
2004-01-28,CHEYNES,ulp_91,104.0,104.0,104.0,104.0,1
2004-01-29,CHEYNES,ulp_91,104.0,104.0,104.0,104.0,1
2004-01-30,CHEYNES,ulp_91,104.0,104.0,104.0,104.0,1
2004-01-31,CHEYNES,ulp_91,104.0,104.0,104.0,104.0,1
2004-02-01,CHEYNES,ulp_91,104.0,104.0,104.0,104.0,1
2004-02-02,CHEYNES,ulp_91,104.0,104.0,104.0,104.0,1
2004-02-03,CHEYNES,ulp_91,104.0,104.0,104.0,104.0,1
2004-02-04,CHEYNES,ulp_91,104.0,104.0,104.0,104.0,1
2004-02-05,CHEYNES,ulp_91,104.0,104.0,104.0,104.0,1
2004-02-06,CHEYNES,ulp_91,104.0,104.0,104.0,104.0,1
2004-02-07,CHEYNES,ulp_91,104.0,104.0,104.0,104.0,1
2004-02-08,CHEYNES,ulp_91,104.0,104.0,104.0,104.0,1
2004-02-09,CHEYNES,ulp_91,104.0,104.0,104.0,104.0,1
2004-02-10,CHEYNES,ulp_91,104.0,104.0,104.0,104.0,1
2004-02-11,CHEYNES,ulp_91,104.0,104.0,104.0,104.0,1
2004-02-12,CHEYNES,ulp_91,104.0,104.0,104.0,104.0,1
2004-02-13,CHEYNES,ulp_91,104.0,104.0,104.0,104.0,1
2004-02-14,CHEYNES,ulp_91,104.0,104.0,104.0,104.0,1
2004-02-15,CHEYNES,ulp_91,104.0,104.0,104.0,104.0,1
2004-02-16,CHEYNES,ulp_91,104.0,104.0,104.0,104.0,1
2004-02-17,CHEYNES,ulp_91,104.0,104.0,104.0,104.0,1
2004-02-18,CHEYNES,ulp_91,104.0,104.0,104.0,104.0,1
2004-02-19,CHEYNES,ulp_91,104.0,104.0,104.0,104.0,1
2004-02-20,CHEYNES,ulp_91,104.0,104.0,104.0,104.0,1
2004-02-21,CHEYNES,ulp_91,104.0,104.0,104.0,104.0,1
2004-02-22,CHEYNES,ulp_91,104.0,104.0,104.0,104.0,1
2004-02-23,CHEYNES,ulp_91,104.0,104.0,104.0,104.0,1
2004-02-24,CHEYNES,ulp_91,104.0,104.0,104.0,104.0,1
2004-02-25,CHEYNES,ulp_91,104.0,104.0,104.0,104.0,1
2004-02-26,CHEYNES,ulp_91,104.0,104.0,104.0,104.0,1
2004-02-27,CHEYNES,ulp_91,104.0,104.0,104.0,104.0,1
2004-02-28,CHEYNES,ulp_91,104.0,104.0,104.0,104.0,1
2004-02-29,CHEYNES,ulp_91,104.0,104.0,104.0,104.0,1
2005-01-01,CHEYNES,ulp_91,112.9,112.9,112.9,112.9,1
2005-01-02,CHEYNES,ulp_91,112.9,112.9,112.9,112.9,1
2005-01-03,CHEYNES,ulp_91,112.9,112.9,112.9,112.9,1
2005-01-04,CHEYNES,ulp_91,112.9,112.9,112.9,112.9,1
2005-01-05,CHEYNES,ulp_91,112.9,112.9,112.9,112.9,1
2005-01-06,CHEYNES,ulp_91,112.9,112.9,112.9,112.9,1
2005-01-07,CHEYNES,ulp_91,107.9,107.9,107.9,107.9,1
2005-01-08,CHEYNES,ulp_91,107.9,107.9,107.9,107.9,1
2005-01-09,CHEYNES,ulp_91,107.9,107.9,107.9,107.9,1
2005-01-10,CHEYNES,ulp_91,107.9,107.9,107.9,107.9,1
2005-01-11,CHEYNES,ulp_91,107.9,107.9,107.9,107.9,1
2005-01-12,CHEYNES,ulp_91,107.9,107.9,107.9,107.9,1
2005-01-13,CHEYNES,ulp_91,107.9,107.9,107.9,107.9,1
2005-01-14,CHEYNES,ulp_91,107.9,107.9,107.9,107.9,1
2005-01-15,CHEYNES,ulp_91,107.9,107.9,107.9,107.9,1
2005-01-16,CHEYNES,ulp_91,107.9,107.9,107.9,107.9,1
2005-01-17,CHEYNES,ulp_91,107.9,107.9,107.9,107.9,1
2005-01-18,CHEYNES,ulp_91,107.9,107.9,107.9,107.9,1
2005-01-19,CHEYNES,ulp_91,107.9,107.9,107.9,107.9,1
2005-01-20,CHEYNES,ulp_91,107.9,107.9,107.9,107.9,1
2005-01-21,CHEYNES,ulp_91,107.9,107.9,107.9,107.9,1
2005-01-22,CHEYNES,ulp_91,107.9,107.9,107.9,107.9,1
2005-01-23,CHEYNES,ulp_91,107.9,107.9,107.9,107.9,1
2005-01-24,CHEYNES,ulp_91,107.9,107.9,107.9,107.9,1
2005-01-25,CHEYNES,ulp_91,107.9,107.9,107.9,107.9,1
2005-01-26,CHEYNES,ulp_91,107.9,107.9,107.9,107.9,1
2005-01-27,CHEYNES,ulp_91,107.9,107.9,107.9,107.9,1
2005-01-28,CHEYNES,ulp_91,107.9,107.9,107.9,107.9,1
2005-01-29,CHEYNES,ulp_91,107.9,107.9,107.9,107.9,1
2005-01-30,CHEYNES,ulp_91,107.9,107.9,107.9,107.9,1
2005-01-31,CHEYNES,ulp_91,107.9,107.9,107.9,107.9,1
2005-02-01,CHEYNES,ulp_91,107.9,107.9,107.9,107.9,1
2005-02-02,CHEYNES,ulp_91,107.9,107.9,107.9,107.9,1
2005-02-03,CHEYNES,ulp_91,107.9,107.9,107.9,107.9,1
2005-02-04,CHEYNES,ulp_91,108.9,108.9,108.9,108.9,1
2005-02-05,CHEYNES,ulp_91,108.9,108.9,108.9,108.9,1
2005-02-06,CHEYNES,ulp_91,108.9,108.9,108.9,108.9,1
2005-02-07,CHEYNES,ulp_91,108.9,108.9,108.9,108.9,1
2005-02-08,CHEYNES,ulp_91,108.9,108.9,108.9,108.9,1
2005-02-09,CHEYNES,ulp_91,108.9,108.9,108.9,108.9,1
2005-02-10,CHEYNES,ulp_91,108.9,108.9,108.9,108.9,1
2005-02-11,CHEYNES,ulp_91,108.9,108.9,108.9,108.9,1
2005-02-12,CHEYNES,ulp_91,108.9,108.9,108.9,108.9,1
2005-02-13,CHEYNES,ulp_91,108.9,108.9,108.9,108.9,1
2005-02-14,CHEYNES,ulp_91,108.9,108.9,108.9,108.9,1
2005-02-15,CHEYNES,ulp_91,108.9,108.9,108.9,108.9,1
2005-02-16,CHEYNES,ulp_91,108.9,108.9,108.9,108.9,1
2005-02-17,CHEYNES,ulp_91,108.9,108.9,108.9,108.9,1
2005-02-18,CHEYNES,ulp_91,108.9,108.9,108.9,108.9,1
2005-02-19,CHEYNES,ulp_91,108.9,108.9,108.9,108.9,1
2005-02-20,CHEYNES,ulp_91,108.9,108.9,108.9,108.9,1
2005-02-21,CHEYNES,ulp_91,108.9,108.9,108.9,108.9,1
2005-02-22,CHEYNES,ulp_91,108.9,108.9,108.9,108.9,1
2005-02-23,CHEYNES,ulp_91,113.9,113.9,113.9,113.9,1
2005-02-24,CHEYNES,ulp_91,113.9,113.9,113.9,113.9,1
2005-02-25,CHEYNES,ulp_91,113.9,113.9,113.9,113.9,1
2005-02-26,CHEYNES,ulp_91,113.9,113.9,113.9,113.9,1
2005-02-27,CHEYNES,ulp_91,113.9,113.9,113.9,113.9,1
2005-02-28,CHEYNES,ulp_91,113.9,113.9,113.9,113.9,1
2006-01-01,CHEYNES,ulp_91,127.9,127.9,127.9,127.9,1
2006-01-02,CHEYNES,ulp_91,127.9,127.9,127.9,127.9,1
2006-01-03,CHEYNES,ulp_91,127.9,127.9,127.9,127.9,1
2006-01-04,CHEYNES,ulp_91,127.9,127.9,127.9,127.9,1
2006-01-05,CHEYNES,ulp_91,127.9,127.9,127.9,127.9,1
2006-01-06,CHEYNES,ulp_91,128.9,128.9,128.9,128.9,1
2006-01-07,CHEYNES,ulp_91,128.9,128.9,128.9,128.9,1
2006-01-08,CHEYNES,ulp_91,128.9,128.9,128.9,128.9,1
2006-01-09,CHEYNES,ulp_91,128.9,128.9,128.9,128.9,1
2006-01-10,CHEYNES,ulp_91,128.9,128.9,128.9,128.9,1
2006-01-11,CHEYNES,ulp_91,128.9,128.9,128.9,128.9,1
2006-01-12,CHEYNES,ulp_91,128.9,128.9,128.9,128.9,1
2006-01-13,CHEYNES,ulp_91,128.9,128.9,128.9,128.9,1
2006-01-14,CHEYNES,ulp_91,128.9,128.9,128.9,128.9,1
2006-01-15,CHEYNES,ulp_91,128.9,128.9,128.9,128.9,1
2006-01-16,CHEYNES,ulp_91,131.9,131.9,131.9,131.9,1
2006-01-17,CHEYNES,ulp_91,131.9,131.9,131.9,131.9,1
2006-01-18,CHEYNES,ulp_91,131.9,131.9,131.9,131.9,1
2006-01-19,CHEYNES,ulp_91,131.9,131.9,131.9,131.9,1
2006-01-20,CHEYNES,ulp_91,131.9,131.9,131.9,131.9,1
2006-01-21,CHEYNES,ulp_91,131.9,131.9,131.9,131.9,1
2006-01-22,CHEYNES,ulp_91,131.9,131.9,131.9,131.9,1
2006-01-23,CHEYNES,ulp_91,131.9,131.9,131.9,131.9,1
2006-01-24,CHEYNES,ulp_91,131.9,131.9,131.9,131.9,1
2006-01-25,CHEYNES,ulp_91,131.9,131.9,131.9,131.9,1
2006-01-26,CHEYNES,ulp_91,131.9,131.9,131.9,131.9,1
2006-01-27,CHEYNES,ulp_91,131.9,131.9,131.9,131.9,1
2006-01-28,CHEYNES,ulp_91,131.9,131.9,131.9,131.9,1
2006-01-29,CHEYNES,ulp_91,131.9,131.9,131.9,131.9,1
2006-01-30,CHEYNES,ulp_91,131.9,131.9,131.9,131.9,1
2006-01-31,CHEYNES,ulp_91,131.9,131.9,131.9,131.9,1
2006-02-01,CHEYNES,ulp_91,131.9,131.9,131.9,131.9,1
2006-02-02,CHEYNES,ulp_91,131.9,131.9,131.9,131.9,1
2006-02-03,CHEYNES,ulp_91,131.9,131.9,131.9,131.9,1
2006-02-04,CHEYNES,ulp_91,131.9,131.9,131.9,131.9,1
2006-02-05,CHEYNES,ulp_91,131.9,131.9,131.9,131.9,1
2006-02-06,CHEYNES,ulp_91,131.9,131.9,131.9,131.9,1
2006-02-07,CHEYNES,ulp_91,131.9,131.9,131.9,131.9,1
2006-02-08,CHEYNES,ulp_91,131.9,131.9,131.9,131.9,1
2006-02-09,CHEYNES,ulp_91,132.9,132.9,132.9,132.9,1
2006-02-10,CHEYNES,ulp_91,132.9,132.9,132.9,132.9,1
2006-02-11,CHEYNES,ulp_91,132.9,132.9,132.9,132.9,1
2006-02-12,CHEYNES,ulp_91,132.9,132.9,132.9,132.9,1
2006-02-13,CHEYNES,ulp_91,132.9,132.9,132.9,132.9,1
2006-02-14,CHEYNES,ulp_91,132.9,132.9,132.9,132.9,1
2006-02-15,CHEYNES,ulp_91,132.9,132.9,132.9,132.9,1
2006-02-16,CHEYNES,ulp_91,132.9,132.9,132.9,132.9,1
2006-02-17,CHEYNES,ulp_91,132.9,132.9,132.9,132.9,1
2006-02-18,CHEYNES,ulp_91,132.9,132.9,132.9,132.9,1
2006-02-19,CHEYNES,ulp_91,132.9,132.9,132.9,132.9,1
2006-02-20,CHEYNES,ulp_91,132.9,132.9,132.9,132.9,1
2006-02-21,CHEYNES,ulp_91,132.9,132.9,132.9,132.9,1
2006-02-22,CHEYNES,ulp_91,132.9,132.9,132.9,132.9,1
2006-02-23,CHEYNES,ulp_91,132.9,132.9,132.9,132.9,1
2006-02-24,CHEYNES,ulp_91,132.9,132.9,132.9,132.9,1
2006-02-25,CHEYNES,ulp_91,132.9,132.9,132.9,132.9,1
2006-02-26,CHEYNES,ulp_91,132.9,132.9,132.9,132.9,1
2006-02-27,CHEYNES,ulp_91,132.9,132.9,132.9,132.9,1
2006-02-28,CHEYNES,ulp_91,132.9,132.9,132.9,132.9,1
2007-01-01,CHEYNES,ulp_91,132.9,132.9,132.9,132.9,1
2007-01-02,CHEYNES,ulp_91,132.9,132.9,132.9,132.9,1
2007-01-03,CHEYNES,ulp_91,132.9,132.9,132.9,132.9,1
2007-01-04,CHEYNES,ulp_91,132.9,132.9,132.9,132.9,1
2007-01-05,CHEYNES,ulp_91,132.9,132.9,132.9,132.9,1
2007-01-06,CHEYNES,ulp_91,132.9,132.9,132.9,132.9,1
2007-01-07,CHEYNES,ulp_91,132.9,132.9,132.9,132.9,1
2007-01-08,CHEYNES,ulp_91,132.9,132.9,132.9,132.9,1
2007-01-09,CHEYNES,ulp_91,132.9,132.9,132.9,132.9,1
2007-01-10,CHEYNES,ulp_91,132.9,132.9,132.9,132.9,1
2007-01-11,CHEYNES,ulp_91,132.9,132.9,132.9,132.9,1
2007-01-12,CHEYNES,ulp_91,132.9,132.9,132.9,132.9,1
2007-01-13,CHEYNES,ulp_91,132.9,132.9,132.9,132.9,1
2007-01-14,CHEYNES,ulp_91,132.9,132.9,132.9,132.9,1
2007-01-15,CHEYNES,ulp_91,132.9,132.9,132.9,132.9,1
2007-01-16,CHEYNES,ulp_91,132.9,132.9,132.9,132.9,1
2007-01-17,CHEYNES,ulp_91,132.9,132.9,132.9,132.9,1
2007-01-18,CHEYNES,ulp_91,132.9,132.9,132.9,132.9,1
2007-01-19,CHEYNES,ulp_91,132.9,132.9,132.9,132.9,1
2007-01-20,CHEYNES,ulp_91,132.9,132.9,132.9,132.9,1
2007-01-21,CHEYNES,ulp_91,132.9,132.9,132.9,132.9,1
2007-01-22,CHEYNES,ulp_91,132.9,132.9,132.9,132.9,1
2007-01-23,CHEYNES,ulp_91,132.9,132.9,132.9,132.9,1
2007-01-24,CHEYNES,ulp_91,132.9,132.9,132.9,132.9,1
2007-01-25,CHEYNES,ulp_91,132.9,132.9,132.9,132.9,1
2007-01-26,CHEYNES,ulp_91,132.9,132.9,132.9,132.9,1
2007-01-27,CHEYNES,ulp_91,132.9,132.9,132.9,132.9,1
2007-01-28,CHEYNES,ulp_91,132.9,132.9,132.9,132.9,1
2007-01-29,CHEYNES,ulp_91,132.9,132.9,132.9,132.9,1
2007-01-30,CHEYNES,ulp_91,132.9,132.9,132.9,132.9,1
2007-01-31,CHEYNES,ulp_91,132.9,132.9,132.9,132.9,1
2007-02-01,CHEYNES,ulp_91,132.9,132.9,132.9,132.9,1
2007-02-02,CHEYNES,ulp_91,132.9,132.9,132.9,132.9,1
2007-02-03,CHEYNES,ulp_91,132.9,132.9,132.9,132.9,1
2007-02-04,CHEYNES,ulp_91,132.9,132.9,132.9,132.9,1
2007-02-05,CHEYNES,ulp_91,132.9,132.9,132.9,132.9,1
2007-02-06,CHEYNES,ulp_91,132.9,132.9,132.9,132.9,1
2007-02-07,CHEYNES,ulp_91,132.9,132.9,132.9,132.9,1
2007-02-08,CHEYNES,ulp_91,132.9,132.9,132.9,132.9,1
2007-02-09,CHEYNES,ulp_91,129.9,129.9,129.9,129.9,1
2007-02-10,CHEYNES,ulp_91,129.9,129.9,129.9,129.9,1
2007-02-11,CHEYNES,ulp_91,129.9,129.9,129.9,129.9,1
2007-02-12,CHEYNES,ulp_91,129.9,129.9,129.9,129.9,1
2007-02-13,CHEYNES,ulp_91,129.9,129.9,129.9,129.9,1
2007-02-14,CHEYNES,ulp_91,129.9,129.9,129.9,129.9,1
2007-02-15,CHEYNES,ulp_91,129.9,129.9,129.9,129.9,1
2007-02-16,CHEYNES,ulp_91,129.9,129.9,129.9,129.9,1
2007-02-17,CHEYNES,ulp_91,129.9,129.9,129.9,129.9,1
2007-02-18,CHEYNES,ulp_91,129.9,129.9,129.9,129.9,1
2007-02-19,CHEYNES,ulp_91,129.9,129.9,129.9,129.9,1
2007-02-20,CHEYNES,ulp_91,129.9,129.9,129.9,129.9,1
2007-02-21,CHEYNES,ulp_91,129.9,129.9,129.9,129.9,1
2007-02-22,CHEYNES,ulp_91,129.9,129.9,129.9,129.9,1
2007-02-23,CHEYNES,ulp_91,129.9,129.9,129.9,129.9,1
2007-02-24,CHEYNES,ulp_91,129.9,129.9,129.9,129.9,1
2007-02-25,CHEYNES,ulp_91,129.9,129.9,129.9,129.9,1
2007-02-26,CHEYNES,ulp_91,129.9,129.9,129.9,129.9,1
2007-02-27,CHEYNES,ulp_91,129.9,129.9,129.9,129.9,1
2007-02-28,CHEYNES,ulp_91,129.9,129.9,129.9,129.9,1
2008-01-01,CHEYNES,ulp_91,151.9,151.9,151.9,151.9,1
2008-01-02,CHEYNES,ulp_91,151.9,151.9,151.9,151.9,1
2008-01-03,CHEYNES,ulp_91,151.9,151.9,151.9,151.9,1
2008-01-04,CHEYNES,ulp_91,151.9,151.9,151.9,151.9,1
2008-01-05,CHEYNES,ulp_91,153.9,153.9,153.9,153.9,1
2008-01-06,CHEYNES,ulp_91,153.9,153.9,153.9,153.9,1
2008-01-07,CHEYNES,ulp_91,153.9,153.9,153.9,153.9,1
2008-01-08,CHEYNES,ulp_91,153.9,153.9,153.9,153.9,1
2008-01-09,CHEYNES,ulp_91,153.9,153.9,153.9,153.9,1
2008-01-10,CHEYNES,ulp_91,153.9,153.9,153.9,153.9,1
2008-01-11,CHEYNES,ulp_91,153.9,153.9,153.9,153.9,1
2008-01-12,CHEYNES,ulp_91,153.9,153.9,153.9,153.9,1
2008-01-13,CHEYNES,ulp_91,153.9,153.9,153.9,153.9,1
2008-01-14,CHEYNES,ulp_91,153.9,153.9,153.9,153.9,1
2008-01-15,CHEYNES,ulp_91,153.9,153.9,153.9,153.9,1
2008-01-16,CHEYNES,ulp_91,153.9,153.9,153.9,153.9,1
2008-01-17,CHEYNES,ulp_91,153.9,153.9,153.9,153.9,1
2008-01-18,CHEYNES,ulp_91,153.9,153.9,153.9,153.9,1
2008-01-19,CHEYNES,ulp_91,153.9,153.9,153.9,153.9,1
2008-01-20,CHEYNES,ulp_91,153.9,153.9,153.9,153.9,1
2008-01-21,CHEYNES,ulp_91,153.9,153.9,153.9,153.9,1
2008-01-22,CHEYNES,ulp_91,153.9,153.9,153.9,153.9,1
2008-01-23,CHEYNES,ulp_91,153.9,153.9,153.9,153.9,1
2008-01-24,CHEYNES,ulp_91,153.9,153.9,153.9,153.9,1
2008-01-25,CHEYNES,ulp_91,153.9,153.9,153.9,153.9,1
2008-01-26,CHEYNES,ulp_91,153.9,153.9,153.9,153.9,1
2008-01-27,CHEYNES,ulp_91,153.9,153.9,153.9,153.9,1
2008-01-28,CHEYNES,ulp_91,153.9,153.9,153.9,153.9,1
2008-01-29,CHEYNES,ulp_91,153.9,153.9,153.9,153.9,1
2008-01-30,CHEYNES,ulp_91,153.9,153.9,153.9,153.9,1
2008-01-31,CHEYNES,ulp_91,153.9,153.9,153.9,153.9,1
2008-02-01,CHEYNES,ulp_91,153.9,153.9,153.9,153.9,1
2008-02-02,CHEYNES,ulp_91,153.9,153.9,153.9,153.9,1
2008-02-03,CHEYNES,ulp_91,153.9,153.9,153.9,153.9,1
2008-02-04,CHEYNES,ulp_91,153.9,153.9,153.9,153.9,1
2008-02-05,CHEYNES,ulp_91,153.9,153.9,153.9,153.9,1
2008-02-06,CHEYNES,ulp_91,153.9,153.9,153.9,153.9,1
2008-02-07,CHEYNES,ulp_91,153.9,153.9,153.9,153.9,1
2008-02-08,CHEYNES,ulp_91,153.9,153.9,153.9,153.9,1
2008-02-09,CHEYNES,ulp_91,153.9,153.9,153.9,153.9,1
2008-02-10,CHEYNES,ulp_91,153.9,153.9,153.9,153.9,1
2008-02-11,CHEYNES,ulp_91,153.9,153.9,153.9,153.9,1
2008-02-12,CHEYNES,ulp_91,153.9,153.9,153.9,153.9,1
2008-02-13,CHEYNES,ulp_91,153.9,153.9,153.9,153.9,1
2008-02-14,CHEYNES,ulp_91,153.9,153.9,153.9,153.9,1
2008-02-15,CHEYNES,ulp_91,153.9,153.9,153.9,153.9,1
2008-02-16,CHEYNES,ulp_91,153.9,153.9,153.9,153.9,1
2008-02-17,CHEYNES,ulp_91,153.9,153.9,153.9,153.9,1
2008-02-18,CHEYNES,ulp_91,153.9,153.9,153.9,153.9,1
2008-02-19,CHEYNES,ulp_91,153.9,153.9,153.9,153.9,1
2008-02-20,CHEYNES,ulp_91,153.9,153.9,153.9,153.9,1
2008-02-21,CHEYNES,ulp_91,153.9,153.9,153.9,153.9,1
2008-02-22,CHEYNES,ulp_91,153.9,153.9,153.9,153.9,1
2008-02-23,CHEYNES,ulp_91,153.9,153.9,153.9,153.9,1
2008-02-24,CHEYNES,ulp_91,153.9,153.9,153.9,153.9,1
2008-02-25,CHEYNES,ulp_91,153.9,153.9,153.9,153.9,1
2008-02-26,CHEYNES,ulp_91,153.9,153.9,153.9,153.9,1
2008-02-27,CHEYNES,ulp_91,153.9,153.9,153.9,153.9,1
2008-02-28,CHEYNES,ulp_91,153.9,153.9,153.9,153.9,1
2008-02-29,CHEYNES,ulp_91,153.9,153.9,153.9,153.9,1
2009-01-01,CHEYNES,ulp_91,120.9,120.9,120.9,120.9,1
2009-01-02,CHEYNES,ulp_91,120.9,120.9,120.9,120.9,1
2009-01-03,CHEYNES,ulp_91,120.9,120.9,120.9,120.9,1
2009-01-04,CHEYNES,ulp_91,120.9,120.9,120.9,120.9,1
2009-01-05,CHEYNES,ulp_91,120.9,120.9,120.9,120.9,1
2009-01-06,CHEYNES,ulp_91,120.9,120.9,120.9,120.9,1
2009-01-07,CHEYNES,ulp_91,120.9,120.9,120.9,120.9,1
2009-01-08,CHEYNES,ulp_91,120.9,120.9,120.9,120.9,1
2009-01-09,CHEYNES,ulp_91,120.9,120.9,120.9,120.9,1
2009-01-10,CHEYNES,ulp_91,118.9,118.9,118.9,118.9,1
2009-01-11,CHEYNES,ulp_91,118.9,118.9,118.9,118.9,1
2009-01-12,CHEYNES,ulp_91,118.9,118.9,118.9,118.9,1
2009-01-13,CHEYNES,ulp_91,118.9,118.9,118.9,118.9,1
2009-01-14,CHEYNES,ulp_91,118.9,118.9,118.9,118.9,1
2009-01-15,CHEYNES,ulp_91,118.9,118.9,118.9,118.9,1
2009-01-16,CHEYNES,ulp_91,118.9,118.9,118.9,118.9,1
2009-01-17,CHEYNES,ulp_91,118.9,118.9,118.9,118.9,1
2009-01-18,CHEYNES,ulp_91,118.9,118.9,118.9,118.9,1
2009-01-19,CHEYNES,ulp_91,118.9,118.9,118.9,118.9,1
2009-01-20,CHEYNES,ulp_91,118.9,118.9,118.9,118.9,1
2009-01-21,CHEYNES,ulp_91,118.9,118.9,118.9,118.9,1
2009-01-22,CHEYNES,ulp_91,118.9,118.9,118.9,118.9,1
2009-01-23,CHEYNES,ulp_91,118.9,118.9,118.9,118.9,1
2009-01-24,CHEYNES,ulp_91,128.9,128.9,128.9,128.9,1
2009-01-25,CHEYNES,ulp_91,128.9,128.9,128.9,128.9,1
2009-01-26,CHEYNES,ulp_91,128.9,128.9,128.9,128.9,1
2009-01-27,CHEYNES,ulp_91,128.9,128.9,128.9,128.9,1
2009-01-28,CHEYNES,ulp_91,128.9,128.9,128.9,128.9,1
2009-01-29,CHEYNES,ulp_91,128.9,128.9,128.9,128.9,1
2009-01-30,CHEYNES,ulp_91,128.9,128.9,128.9,128.9,1
2009-01-31,CHEYNES,ulp_91,128.9,128.9,128.9,128.9,1
2009-02-01,CHEYNES,ulp_91,128.9,128.9,128.9,128.9,1
2009-02-02,CHEYNES,ulp_91,128.9,128.9,128.9,128.9,1
2009-02-03,CHEYNES,ulp_91,128.9,128.9,128.9,128.9,1
2009-02-04,CHEYNES,ulp_91,128.9,128.9,128.9,128.9,1
2009-02-05,CHEYNES,ulp_91,128.9,128.9,128.9,128.9,1
2009-02-06,CHEYNES,ulp_91,128.9,128.9,128.9,128.9,1
2009-02-07,CHEYNES,ulp_91,128.9,128.9,128.9,128.9,1
2009-02-08,CHEYNES,ulp_91,128.9,128.9,128.9,128.9,1
2009-02-09,CHEYNES,ulp_91,128.9,128.9,128.9,128.9,1
2009-02-10,CHEYNES,ulp_91,128.9,128.9,128.9,128.9,1
2009-02-11,CHEYNES,ulp_91,128.9,128.9,128.9,128.9,1
2009-02-12,CHEYNES,ulp_91,128.9,128.9,128.9,128.9,1
2009-02-13,CHEYNES,ulp_91,128.9,128.9,128.9,128.9,1
2009-02-14,CHEYNES,ulp_91,128.9,128.9,128.9,128.9,1
2009-02-15,CHEYNES,ulp_91,128.9,128.9,128.9,128.9,1
2009-02-16,CHEYNES,ulp_91,128.9,128.9,128.9,128.9,1
2009-02-17,CHEYNES,ulp_91,128.9,128.9,128.9,128.9,1
2009-02-18,CHEYNES,ulp_91,128.9,128.9,128.9,128.9,1
2009-02-19,CHEYNES,ulp_91,128.9,128.9,128.9,128.9,1
2009-02-20,CHEYNES,ulp_91,128.9,128.9,128.9,128.9,1
2009-02-21,CHEYNES,ulp_91,128.9,128.9,128.9,128.9,1
2009-02-22,CHEYNES,ulp_91,128.9,128.9,128.9,128.9,1
2009-02-23,CHEYNES,ulp_91,128.9,128.9,128.9,128.9,1
2009-02-24,CHEYNES,ulp_91,128.9,128.9,128.9,128.9,1
2009-02-25,CHEYNES,ulp_91,128.9,128.9,128.9,128.9,1
2009-02-26,CHEYNES,ulp_91,135.9,135.9,135.9,135.9,1
2009-02-27,CHEYNES,ulp_91,135.9,135.9,135.9,135.9,1
2009-02-28,CHEYNES,ulp_91,135.9,135.9,135.9,135.9,1
2010-01-01,CHEYNES,ulp_91,135.9,135.9,135.9,135.9,1
2010-01-02,CHEYNES,ulp_91,135.9,135.9,135.9,135.9,1
2010-01-03,CHEYNES,ulp_91,135.9,135.9,135.9,135.9,1
2010-01-04,CHEYNES,ulp_91,135.9,135.9,135.9,135.9,1
2010-01-05,CHEYNES,ulp_91,135.9,135.9,135.9,135.9,1
2010-01-06,CHEYNES,ulp_91,138.9,138.9,138.9,138.9,1
2010-01-07,CHEYNES,ulp_91,138.9,138.9,138.9,138.9,1
2010-01-08,CHEYNES,ulp_91,138.9,138.9,138.9,138.9,1
2010-01-09,CHEYNES,ulp_91,138.9,138.9,138.9,138.9,1
2010-01-10,CHEYNES,ulp_91,138.9,138.9,138.9,138.9,1
2010-01-11,CHEYNES,ulp_91,138.9,138.9,138.9,138.9,1
2010-01-12,CHEYNES,ulp_91,138.9,138.9,138.9,138.9,1
2010-01-13,CHEYNES,ulp_91,138.9,138.9,138.9,138.9,1
2010-01-14,CHEYNES,ulp_91,138.9,138.9,138.9,138.9,1
2010-01-15,CHEYNES,ulp_91,138.9,138.9,138.9,138.9,1
2010-01-16,CHEYNES,ulp_91,138.9,138.9,138.9,138.9,1
2010-01-17,CHEYNES,ulp_91,138.9,138.9,138.9,138.9,1
2010-01-18,CHEYNES,ulp_91,138.9,138.9,138.9,138.9,1
2010-01-19,CHEYNES,ulp_91,138.9,138.9,138.9,138.9,1
2010-01-20,CHEYNES,ulp_91,138.9,138.9,138.9,138.9,1
2010-01-21,CHEYNES,ulp_91,138.9,138.9,138.9,138.9,1
2010-01-22,CHEYNES,ulp_91,138.9,138.9,138.9,138.9,1
2010-01-23,CHEYNES,ulp_91,138.9,138.9,138.9,138.9,1
2010-01-24,CHEYNES,ulp_91,138.9,138.9,138.9,138.9,1
2010-01-25,CHEYNES,ulp_91,139.9,139.9,139.9,139.9,1
2010-01-26,CHEYNES,ulp_91,139.9,139.9,139.9,139.9,1
2010-01-27,CHEYNES,ulp_91,139.9,139.9,139.9,139.9,1
2010-01-28,CHEYNES,ulp_91,139.9,139.9,139.9,139.9,1
2010-01-29,CHEYNES,ulp_91,139.9,139.9,139.9,139.9,1
2010-01-30,CHEYNES,ulp_91,139.9,139.9,139.9,139.9,1
2010-01-31,CHEYNES,ulp_91,139.9,139.9,139.9,139.9,1
2010-02-01,CHEYNES,ulp_91,139.9,139.9,139.9,139.9,1
2010-02-02,CHEYNES,ulp_91,139.9,139.9,139.9,139.9,1
2010-02-03,CHEYNES,ulp_91,139.9,139.9,139.9,139.9,1
2010-02-04,CHEYNES,ulp_91,139.9,139.9,139.9,139.9,1
2010-02-05,CHEYNES,ulp_91,139.9,139.9,139.9,139.9,1
2010-02-06,CHEYNES,ulp_91,139.9,139.9,139.9,139.9,1
2010-02-07,CHEYNES,ulp_91,139.9,139.9,139.9,139.9,1
2010-02-08,CHEYNES,ulp_91,139.9,139.9,139.9,139.9,1
2010-02-09,CHEYNES,ulp_91,139.9,139.9,139.9,139.9,1
2010-02-10,CHEYNES,ulp_91,139.9,139.9,139.9,139.9,1
2010-02-11,CHEYNES,ulp_91,139.9,139.9,139.9,139.9,1
2010-02-12,CHEYNES,ulp_91,139.9,139.9,139.9,139.9,1
2010-02-13,CHEYNES,ulp_91,139.9,139.9,139.9,139.9,1
2010-02-14,CHEYNES,ulp_91,139.9,139.9,139.9,139.9,1
2010-02-15,CHEYNES,ulp_91,139.9,139.9,139.9,139.9,1
2010-02-16,CHEYNES,ulp_91,139.9,139.9,139.9,139.9,1
2010-02-17,CHEYNES,ulp_91,139.9,139.9,139.9,139.9,1
2010-02-18,CHEYNES,ulp_91,139.9,139.9,139.9,139.9,1
2010-02-19,CHEYNES,ulp_91,139.9,139.9,139.9,139.9,1
2010-02-20,CHEYNES,ulp_91,139.9,139.9,139.9,139.9,1
2010-02-21,CHEYNES,ulp_91,139.9,139.9,139.9,139.9,1
2010-02-22,CHEYNES,ulp_91,139.9,139.9,139.9,139.9,1
2010-02-23,CHEYNES,ulp_91,139.9,139.9,139.9,139.9,1
2010-02-24,CHEYNES,ulp_91,139.9,139.9,139.9,139.9,1
2010-02-25,CHEYNES,ulp_91,139.9,139.9,139.9,139.9,1
2010-02-26,CHEYNES,ulp_91,139.9,139.9,139.9,139.9,1
2010-02-27,CHEYNES,ulp_91,139.9,139.9,139.9,139.9,1
2010-02-28,CHEYNES,ulp_91,139.9,139.9,139.9,139.9,1
2011-01-01,CHEYNES,ulp_91,141.9,141.9,141.9,141.9,1
2011-01-02,CHEYNES,ulp_91,142.9,142.9,142.9,142.9,1
2011-01-03,CHEYNES,ulp_91,142.9,142.9,142.9,142.9,1
2011-01-04,CHEYNES,ulp_91,142.9,142.9,142.9,142.9,1
2011-01-05,CHEYNES,ulp_91,142.9,142.9,142.9,142.9,1
2011-01-06,CHEYNES,ulp_91,142.9,142.9,142.9,142.9,1
2011-01-07,CHEYNES,ulp_91,142.9,142.9,142.9,142.9,1
2011-01-08,CHEYNES,ulp_91,142.9,142.9,142.9,142.9,1
2011-01-09,CHEYNES,ulp_91,142.9,142.9,142.9,142.9,1
2011-01-10,CHEYNES,ulp_91,142.9,142.9,142.9,142.9,1
2011-01-11,CHEYNES,ulp_91,142.9,142.9,142.9,142.9,1
2011-01-12,CHEYNES,ulp_91,142.9,142.9,142.9,142.9,1
2011-01-13,CHEYNES,ulp_91,142.9,142.9,142.9,142.9,1
2011-01-14,CHEYNES,ulp_91,142.9,142.9,142.9,142.9,1
2011-01-15,CHEYNES,ulp_91,142.9,142.9,142.9,142.9,1
2011-01-16,CHEYNES,ulp_91,142.9,142.9,142.9,142.9,1
2011-01-17,CHEYNES,ulp_91,142.9,142.9,142.9,142.9,1
2011-01-18,CHEYNES,ulp_91,142.9,142.9,142.9,142.9,1
2011-01-19,CHEYNES,ulp_91,142.9,142.9,142.9,142.9,1
2011-01-20,CHEYNES,ulp_91,142.9,142.9,142.9,142.9,1
2011-01-21,CHEYNES,ulp_91,142.9,142.9,142.9,142.9,1
2011-01-22,CHEYNES,ulp_91,142.9,142.9,142.9,142.9,1
2011-01-23,CHEYNES,ulp_91,142.9,142.9,142.9,142.9,1
2011-01-24,CHEYNES,ulp_91,142.9,142.9,142.9,142.9,1
2011-01-25,CHEYNES,ulp_91,142.9,142.9,142.9,142.9,1
2011-01-26,CHEYNES,ulp_91,142.9,142.9,142.9,142.9,1
2011-01-27,CHEYNES,ulp_91,142.9,142.9,142.9,142.9,1
2011-01-28,CHEYNES,ulp_91,145.9,145.9,145.9,145.9,1
2011-01-29,CHEYNES,ulp_91,145.9,145.9,145.9,145.9,1
2011-01-30,CHEYNES,ulp_91,145.9,145.9,145.9,145.9,1
2011-01-31,CHEYNES,ulp_91,145.9,145.9,145.9,145.9,1
2011-02-01,CHEYNES,ulp_91,145.9,145.9,145.9,145.9,1
2011-02-02,CHEYNES,ulp_91,145.9,145.9,145.9,145.9,1
2011-02-03,CHEYNES,ulp_91,145.9,145.9,145.9,145.9,1
2011-02-04,CHEYNES,ulp_91,145.9,145.9,145.9,145.9,1
2011-02-05,CHEYNES,ulp_91,145.9,145.9,145.9,145.9,1
2011-02-06,CHEYNES,ulp_91,145.9,145.9,145.9,145.9,1
2011-02-07,CHEYNES,ulp_91,145.9,145.9,145.9,145.9,1
2011-02-08,CHEYNES,ulp_91,145.9,145.9,145.9,145.9,1
2011-02-09,CHEYNES,ulp_91,145.9,145.9,145.9,145.9,1
2011-02-10,CHEYNES,ulp_91,145.9,145.9,145.9,145.9,1
2011-02-11,CHEYNES,ulp_91,145.9,145.9,145.9,145.9,1
2011-02-12,CHEYNES,ulp_91,145.9,145.9,145.9,145.9,1
2011-02-13,CHEYNES,ulp_91,145.9,145.9,145.9,145.9,1
2011-02-14,CHEYNES,ulp_91,145.9,145.9,145.9,145.9,1
2011-02-15,CHEYNES,ulp_91,145.9,145.9,145.9,145.9,1
2011-02-16,CHEYNES,ulp_91,145.9,145.9,145.9,145.9,1
2011-02-17,CHEYNES,ulp_91,145.9,145.9,145.9,145.9,1
2011-02-18,CHEYNES,ulp_91,145.9,145.9,145.9,145.9,1
2011-02-19,CHEYNES,ulp_91,145.9,145.9,145.9,145.9,1
2011-02-20,CHEYNES,ulp_91,145.9,145.9,145.9,145.9,1
2011-02-21,CHEYNES,ulp_91,145.9,145.9,145.9,145.9,1
2011-02-22,CHEYNES,ulp_91,145.9,145.9,145.9,145.9,1
2011-02-23,CHEYNES,ulp_91,145.9,145.9,145.9,145.9,1
2011-02-24,CHEYNES,ulp_91,145.9,145.9,145.9,145.9,1
2011-02-25,CHEYNES,ulp_91,145.9,145.9,145.9,145.9,1
2011-02-26,CHEYNES,ulp_91,145.9,145.9,145.9,145.9,1
2011-02-27,CHEYNES,ulp_91,145.9,145.9,145.9,145.9,1
2011-02-28,CHEYNES,ulp_91,145.9,145.9,145.9,145.9,1
2012-01-01,CHEYNES,ulp_91,150.9,150.9,150.9,150.9,1
2012-01-02,CHEYNES,ulp_91,150.9,150.9,150.9,150.9,1
2012-01-03,CHEYNES,ulp_91,150.9,150.9,150.9,150.9,1
2012-01-04,CHEYNES,ulp_91,150.9,150.9,150.9,150.9,1
2012-01-05,CHEYNES,ulp_91,152.9,152.9,152.9,152.9,1
2012-01-06,CHEYNES,ulp_91,152.9,152.9,152.9,152.9,1
2012-01-07,CHEYNES,ulp_91,152.9,152.9,152.9,152.9,1
2012-01-08,CHEYNES,ulp_91,152.9,152.9,152.9,152.9,1
2012-01-09,CHEYNES,ulp_91,152.9,152.9,152.9,152.9,1
2012-01-10,CHEYNES,ulp_91,152.9,152.9,152.9,152.9,1
2012-01-11,CHEYNES,ulp_91,152.9,152.9,152.9,152.9,1
2012-01-12,CHEYNES,ulp_91,152.9,152.9,152.9,152.9,1
2012-01-13,CHEYNES,ulp_91,152.9,152.9,152.9,152.9,1
2012-01-14,CHEYNES,ulp_91,152.9,152.9,152.9,152.9,1
2012-01-15,CHEYNES,ulp_91,152.9,152.9,152.9,152.9,1
2012-01-16,CHEYNES,ulp_91,152.9,152.9,152.9,152.9,1
2012-01-17,CHEYNES,ulp_91,152.9,152.9,152.9,152.9,1
2012-01-18,CHEYNES,ulp_91,152.9,152.9,152.9,152.9,1
2012-01-19,CHEYNES,ulp_91,152.9,152.9,152.9,152.9,1
2012-01-20,CHEYNES,ulp_91,152.9,152.9,152.9,152.9,1
2012-01-21,CHEYNES,ulp_91,152.9,152.9,152.9,152.9,1
2012-01-22,CHEYNES,ulp_91,152.9,152.9,152.9,152.9,1
2012-01-23,CHEYNES,ulp_91,152.9,152.9,152.9,152.9,1
2012-01-24,CHEYNES,ulp_91,152.9,152.9,152.9,152.9,1
2012-01-25,CHEYNES,ulp_91,156.9,156.9,156.9,156.9,1
2012-01-26,CHEYNES,ulp_91,156.9,156.9,156.9,156.9,1
2012-01-27,CHEYNES,ulp_91,156.9,156.9,156.9,156.9,1
2012-01-28,CHEYNES,ulp_91,156.9,156.9,156.9,156.9,1
2012-01-29,CHEYNES,ulp_91,156.9,156.9,156.9,156.9,1
2012-01-30,CHEYNES,ulp_91,156.9,156.9,156.9,156.9,1
2012-01-31,CHEYNES,ulp_91,156.9,156.9,156.9,156.9,1
2012-02-01,CHEYNES,ulp_91,156.9,156.9,156.9,156.9,1
2012-02-02,CHEYNES,ulp_91,156.9,156.9,156.9,156.9,1
2012-02-03,CHEYNES,ulp_91,156.9,156.9,156.9,156.9,1
2012-02-04,CHEYNES,ulp_91,156.9,156.9,156.9,156.9,1
2012-02-05,CHEYNES,ulp_91,156.9,156.9,156.9,156.9,1
2012-02-06,CHEYNES,ulp_91,156.9,156.9,156.9,156.9,1
2012-02-07,CHEYNES,ulp_91,156.9,156.9,156.9,156.9,1
2012-02-08,CHEYNES,ulp_91,156.9,156.9,156.9,156.9,1
2012-02-09,CHEYNES,ulp_91,156.9,156.9,156.9,156.9,1
2012-02-10,CHEYNES,ulp_91,156.9,156.9,156.9,156.9,1
2012-02-11,CHEYNES,ulp_91,156.9,156.9,156.9,156.9,1
2012-02-12,CHEYNES,ulp_91,156.9,156.9,156.9,156.9,1
2012-02-13,CHEYNES,ulp_91,156.9,156.9,156.9,156.9,1
2012-02-14,CHEYNES,ulp_91,156.9,156.9,156.9,156.9,1
2012-02-15,CHEYNES,ulp_91,156.9,156.9,156.9,156.9,1
2012-02-16,CHEYNES,ulp_91,156.9,156.9,156.9,156.9,1
2012-02-17,CHEYNES,ulp_91,156.9,156.9,156.9,156.9,1
2012-02-18,CHEYNES,ulp_91,156.9,156.9,156.9,156.9,1
2012-02-19,CHEYNES,ulp_91,156.9,156.9,156.9,156.9,1
2012-02-20,CHEYNES,ulp_91,156.9,156.9,156.9,156.9,1
2012-02-21,CHEYNES,ulp_91,156.9,156.9,156.9,156.9,1
2012-02-22,CHEYNES,ulp_91,156.9,156.9,156.9,156.9,1
2012-02-23,CHEYNES,ulp_91,156.9,156.9,156.9,156.9,1
2012-02-24,CHEYNES,ulp_91,157.9,157.9,157.9,157.9,1
2012-02-25,CHEYNES,ulp_91,157.9,157.9,157.9,157.9,1
2012-02-26,CHEYNES,ulp_91,157.9,157.9,157.9,157.9,1
2012-02-27,CHEYNES,ulp_91,157.9,157.9,157.9,157.9,1
2012-02-28,CHEYNES,ulp_91,157.9,157.9,157.9,157.9,1
2012-02-29,CHEYNES,ulp_91,157.9,157.9,157.9,157.9,1
2013-01-01,CHEYNES,ulp_91,154.9,154.9,154.9,154.9,1
2013-01-02,CHEYNES,ulp_91,154.9,154.9,154.9,154.9,1
2013-01-03,CHEYNES,ulp_91,154.9,154.9,154.9,154.9,1
2013-01-04,CHEYNES,ulp_91,154.9,154.9,154.9,154.9,1
2013-01-05,CHEYNES,ulp_91,154.9,154.9,154.9,154.9,1
2013-01-06,CHEYNES,ulp_91,154.9,154.9,154.9,154.9,1
2013-01-07,CHEYNES,ulp_91,154.9,154.9,154.9,154.9,1
2013-01-08,CHEYNES,ulp_91,154.9,154.9,154.9,154.9,1
2013-01-09,CHEYNES,ulp_91,154.9,154.9,154.9,154.9,1
2013-01-10,CHEYNES,ulp_91,156.9,156.9,156.9,156.9,1
2013-01-11,CHEYNES,ulp_91,156.9,156.9,156.9,156.9,1
2013-01-12,CHEYNES,ulp_91,156.9,156.9,156.9,156.9,1
2013-01-13,CHEYNES,ulp_91,156.9,156.9,156.9,156.9,1
2013-01-14,CHEYNES,ulp_91,156.9,156.9,156.9,156.9,1
2013-01-15,CHEYNES,ulp_91,156.9,156.9,156.9,156.9,1
2013-01-16,CHEYNES,ulp_91,156.9,156.9,156.9,156.9,1
2013-01-17,CHEYNES,ulp_91,156.9,156.9,156.9,156.9,1
2013-01-18,CHEYNES,ulp_91,156.9,156.9,156.9,156.9,1
2013-01-19,CHEYNES,ulp_91,156.9,156.9,156.9,156.9,1
2013-01-20,CHEYNES,ulp_91,156.9,156.9,156.9,156.9,1
2013-01-21,CHEYNES,ulp_91,156.9,156.9,156.9,156.9,1
2013-01-22,CHEYNES,ulp_91,156.9,156.9,156.9,156.9,1
2013-01-23,CHEYNES,ulp_91,156.9,156.9,156.9,156.9,1
2013-01-24,CHEYNES,ulp_91,156.9,156.9,156.9,156.9,1
2013-01-25,CHEYNES,ulp_91,156.9,156.9,156.9,156.9,1
2013-01-26,CHEYNES,ulp_91,156.9,156.9,156.9,156.9,1
2013-01-27,CHEYNES,ulp_91,156.9,156.9,156.9,156.9,1
2013-01-28,CHEYNES,ulp_91,156.9,156.9,156.9,156.9,1
2013-01-29,CHEYNES,ulp_91,156.9,156.9,156.9,156.9,1
2013-01-30,CHEYNES,ulp_91,156.9,156.9,156.9,156.9,1
2013-01-31,CHEYNES,ulp_91,156.9,156.9,156.9,156.9,1
2013-02-01,CHEYNES,ulp_91,156.9,156.9,156.9,156.9,1
2013-02-02,CHEYNES,ulp_91,156.9,156.9,156.9,156.9,1
2013-02-03,CHEYNES,ulp_91,156.9,156.9,156.9,156.9,1
2013-02-04,CHEYNES,ulp_91,156.9,156.9,156.9,156.9,1
2013-02-05,CHEYNES,ulp_91,156.9,156.9,156.9,156.9,1
2013-02-06,CHEYNES,ulp_91,156.9,156.9,156.9,156.9,1
2013-02-07,CHEYNES,ulp_91,156.9,156.9,156.9,156.9,1
2013-02-08,CHEYNES,ulp_91,156.9,156.9,156.9,156.9,1
2013-02-09,CHEYNES,ulp_91,156.9,156.9,156.9,156.9,1
2013-02-10,CHEYNES,ulp_91,156.9,156.9,156.9,156.9,1
2013-02-11,CHEYNES,ulp_91,156.9,156.9,156.9,156.9,1
2013-02-12,CHEYNES,ulp_91,156.9,156.9,156.9,156.9,1
2013-02-13,CHEYNES,ulp_91,156.9,156.9,156.9,156.9,1
2013-02-14,CHEYNES,ulp_91,156.9,156.9,156.9,156.9,1
2013-02-15,CHEYNES,ulp_91,156.9,156.9,156.9,156.9,1
2013-02-16,CHEYNES,ulp_91,156.9,156.9,156.9,156.9,1
2013-02-17,CHEYNES,ulp_91,156.9,156.9,156.9,156.9,1
2013-02-18,CHEYNES,ulp_91,156.9,156.9,156.9,156.9,1
2013-02-19,CHEYNES,ulp_91,156.9,156.9,156.9,156.9,1
2013-02-20,CHEYNES,ulp_91,165.9,165.9,165.9,165.9,1
2013-02-21,CHEYNES,ulp_91,165.9,165.9,165.9,165.9,1
2013-02-22,CHEYNES,ulp_91,165.9,165.9,165.9,165.9,1
2013-02-23,CHEYNES,ulp_91,165.9,165.9,165.9,165.9,1
2013-02-24,CHEYNES,ulp_91,165.9,165.9,165.9,165.9,1
2013-02-25,CHEYNES,ulp_91,165.9,165.9,165.9,165.9,1
2013-02-26,CHEYNES,ulp_91,165.9,165.9,165.9,165.9,1
2013-02-27,CHEYNES,ulp_91,165.9,165.9,165.9,165.9,1
2013-02-28,CHEYNES,ulp_91,165.9,165.9,165.9,165.9,1
2014-01-01,CHEYNES,ulp_91,166.9,166.9,166.9,166.9,1
2014-01-02,CHEYNES,ulp_91,166.9,166.9,166.9,166.9,1
2014-01-03,CHEYNES,ulp_91,171.9,171.9,171.9,171.9,1
2014-01-04,CHEYNES,ulp_91,171.9,171.9,171.9,171.9,1
2014-01-05,CHEYNES,ulp_91,171.9,171.9,171.9,171.9,1
2014-01-06,CHEYNES,ulp_91,171.9,171.9,171.9,171.9,1
2014-01-07,CHEYNES,ulp_91,171.9,171.9,171.9,171.9,1
2014-01-08,CHEYNES,ulp_91,171.9,171.9,171.9,171.9,1
2014-01-09,CHEYNES,ulp_91,171.9,171.9,171.9,171.9,1
2014-01-10,CHEYNES,ulp_91,171.9,171.9,171.9,171.9,1
2014-01-11,CHEYNES,ulp_91,171.9,171.9,171.9,171.9,1
2014-01-12,CHEYNES,ulp_91,171.9,171.9,171.9,171.9,1
2014-01-13,CHEYNES,ulp_91,171.9,171.9,171.9,171.9,1
2014-01-14,CHEYNES,ulp_91,171.9,171.9,171.9,171.9,1
2014-01-15,CHEYNES,ulp_91,171.9,171.9,171.9,171.9,1
2014-01-16,CHEYNES,ulp_91,171.9,171.9,171.9,171.9,1
2014-01-17,CHEYNES,ulp_91,171.9,171.9,171.9,171.9,1
2014-01-18,CHEYNES,ulp_91,171.9,171.9,171.9,171.9,1
2014-01-19,CHEYNES,ulp_91,171.9,171.9,171.9,171.9,1
2014-01-20,CHEYNES,ulp_91,171.9,171.9,171.9,171.9,1
2014-01-21,CHEYNES,ulp_91,171.9,171.9,171.9,171.9,1
2014-01-22,CHEYNES,ulp_91,171.9,171.9,171.9,171.9,1
2014-01-23,CHEYNES,ulp_91,171.9,171.9,171.9,171.9,1
2014-01-24,CHEYNES,ulp_91,171.9,171.9,171.9,171.9,1
2014-01-25,CHEYNES,ulp_91,171.9,171.9,171.9,171.9,1
2014-01-26,CHEYNES,ulp_91,171.9,171.9,171.9,171.9,1
2014-01-27,CHEYNES,ulp_91,171.9,171.9,171.9,171.9,1
2014-01-28,CHEYNES,ulp_91,171.9,171.9,171.9,171.9,1
2014-01-29,CHEYNES,ulp_91,171.9,171.9,171.9,171.9,1
2014-01-30,CHEYNES,ulp_91,171.9,171.9,171.9,171.9,1
2014-01-31,CHEYNES,ulp_91,171.9,171.9,171.9,171.9,1
2014-02-01,CHEYNES,ulp_91,171.9,171.9,171.9,171.9,1
2014-02-02,CHEYNES,ulp_91,171.9,171.9,171.9,171.9,1
2014-02-03,CHEYNES,ulp_91,171.9,171.9,171.9,171.9,1
2014-02-04,CHEYNES,ulp_91,171.9,171.9,171.9,171.9,1
2014-02-05,CHEYNES,ulp_91,171.9,171.9,171.9,171.9,1
2014-02-06,CHEYNES,ulp_91,171.9,171.9,171.9,171.9,1
2014-02-07,CHEYNES,ulp_91,171.9,171.9,171.9,171.9,1
2014-02-08,CHEYNES,ulp_91,171.9,171.9,171.9,171.9,1
2014-02-09,CHEYNES,ulp_91,171.9,171.9,171.9,171.9,1
2014-02-10,CHEYNES,ulp_91,171.9,171.9,171.9,171.9,1
2014-02-11,CHEYNES,ulp_91,171.9,171.9,171.9,171.9,1
2014-02-12,CHEYNES,ulp_91,171.9,171.9,171.9,171.9,1
2014-02-13,CHEYNES,ulp_91,171.9,171.9,171.9,171.9,1
2014-02-14,CHEYNES,ulp_91,171.9,171.9,171.9,171.9,1
2014-02-15,CHEYNES,ulp_91,171.9,171.9,171.9,171.9,1
2014-02-16,CHEYNES,ulp_91,171.9,171.9,171.9,171.9,1
2014-02-17,CHEYNES,ulp_91,171.9,171.9,171.9,171.9,1
2014-02-18,CHEYNES,ulp_91,171.9,171.9,171.9,171.9,1
2014-02-19,CHEYNES,ulp_91,171.9,171.9,171.9,171.9,1
2014-02-20,CHEYNES,ulp_91,168.9,168.9,168.9,168.9,1
2014-02-21,CHEYNES,ulp_91,168.9,168.9,168.9,168.9,1
2014-02-22,CHEYNES,ulp_91,168.9,168.9,168.9,168.9,1
2014-02-23,CHEYNES,ulp_91,168.9,168.9,168.9,168.9,1
2014-02-24,CHEYNES,ulp_91,168.9,168.9,168.9,168.9,1
2014-02-25,CHEYNES,ulp_91,168.9,168.9,168.9,168.9,1
2014-02-26,CHEYNES,ulp_91,168.9,168.9,168.9,168.9,1
2014-02-27,CHEYNES,ulp_91,168.9,168.9,168.9,168.9,1
2014-02-28,CHEYNES,ulp_91,168.9,168.9,168.9,168.9,1
2015-01-01,CHEYNES,ulp_91,147.9,147.9,147.9,147.9,1
2015-01-02,CHEYNES,ulp_91,147.9,147.9,147.9,147.9,1
2015-01-03,CHEYNES,ulp_91,147.9,147.9,147.9,147.9,1
2015-01-04,CHEYNES,ulp_91,147.9,147.9,147.9,147.9,1
2015-01-05,CHEYNES,ulp_91,147.9,147.9,147.9,147.9,1
2015-01-06,CHEYNES,ulp_91,147.9,147.9,147.9,147.9,1
2015-01-07,CHEYNES,ulp_91,147.9,147.9,147.9,147.9,1
2015-01-08,CHEYNES,ulp_91,147.9,147.9,147.9,147.9,1
2015-01-09,CHEYNES,ulp_91,147.9,147.9,147.9,147.9,1
2015-01-10,CHEYNES,ulp_91,147.9,147.9,147.9,147.9,1
2015-01-11,CHEYNES,ulp_91,142.9,142.9,142.9,142.9,1
2015-01-12,CHEYNES,ulp_91,142.9,142.9,142.9,142.9,1
2015-01-13,CHEYNES,ulp_91,142.9,142.9,142.9,142.9,1
2015-01-14,CHEYNES,ulp_91,142.9,142.9,142.9,142.9,1
2015-01-15,CHEYNES,ulp_91,142.9,142.9,142.9,142.9,1
2015-01-16,CHEYNES,ulp_91,142.9,142.9,142.9,142.9,1
2015-01-17,CHEYNES,ulp_91,142.9,142.9,142.9,142.9,1
2015-01-18,CHEYNES,ulp_91,142.9,142.9,142.9,142.9,1
2015-01-19,CHEYNES,ulp_91,142.9,142.9,142.9,142.9,1
2015-01-20,CHEYNES,ulp_91,142.9,142.9,142.9,142.9,1
2015-01-21,CHEYNES,ulp_91,142.9,142.9,142.9,142.9,1
2015-01-22,CHEYNES,ulp_91,142.9,142.9,142.9,142.9,1
2015-01-23,CHEYNES,ulp_91,142.9,142.9,142.9,142.9,1
2015-01-24,CHEYNES,ulp_91,142.9,142.9,142.9,142.9,1
2015-01-25,CHEYNES,ulp_91,142.9,142.9,142.9,142.9,1
2015-01-26,CHEYNES,ulp_91,142.9,142.9,142.9,142.9,1
2015-01-27,CHEYNES,ulp_91,142.9,142.9,142.9,142.9,1
2015-01-28,CHEYNES,ulp_91,142.9,142.9,142.9,142.9,1
2015-01-29,CHEYNES,ulp_91,142.9,142.9,142.9,142.9,1
2015-01-30,CHEYNES,ulp_91,142.9,142.9,142.9,142.9,1
2015-01-31,CHEYNES,ulp_91,142.9,142.9,142.9,142.9,1
2015-02-01,CHEYNES,ulp_91,142.9,142.9,142.9,142.9,1
2015-02-02,CHEYNES,ulp_91,142.9,142.9,142.9,142.9,1
2015-02-03,CHEYNES,ulp_91,142.9,142.9,142.9,142.9,1
2015-02-04,CHEYNES,ulp_91,142.9,142.9,142.9,142.9,1
2015-02-05,CHEYNES,ulp_91,142.9,142.9,142.9,142.9,1
2015-02-06,CHEYNES,ulp_91,142.9,142.9,142.9,142.9,1
2015-02-07,CHEYNES,ulp_91,142.9,142.9,142.9,142.9,1
2015-02-08,CHEYNES,ulp_91,142.9,142.9,142.9,142.9,1
2015-02-09,CHEYNES,ulp_91,142.9,142.9,142.9,142.9,1
2015-02-10,CHEYNES,ulp_91,142.9,142.9,142.9,142.9,1
2015-02-11,CHEYNES,ulp_91,142.9,142.9,142.9,142.9,1
2015-02-12,CHEYNES,ulp_91,142.9,142.9,142.9,142.9,1
2015-02-13,CHEYNES,ulp_91,142.9,142.9,142.9,142.9,1
2015-02-14,CHEYNES,ulp_91,142.9,142.9,142.9,142.9,1
2015-02-15,CHEYNES,ulp_91,142.9,142.9,142.9,142.9,1
2015-02-16,CHEYNES,ulp_91,142.9,142.9,142.9,142.9,1
2015-02-17,CHEYNES,ulp_91,142.9,142.9,142.9,142.9,1
2015-02-18,CHEYNES,ulp_91,142.9,142.9,142.9,142.9,1
2015-02-19,CHEYNES,ulp_91,142.9,142.9,142.9,142.9,1
2015-02-20,CHEYNES,ulp_91,142.9,142.9,142.9,142.9,1
2015-02-21,CHEYNES,ulp_91,142.9,142.9,142.9,142.9,1
2015-02-22,CHEYNES,ulp_91,142.9,142.9,142.9,142.9,1
2015-02-23,CHEYNES,ulp_91,142.9,142.9,142.9,142.9,1
2015-02-24,CHEYNES,ulp_91,142.9,142.9,142.9,142.9,1
2015-02-25,CHEYNES,ulp_91,142.9,142.9,142.9,142.9,1
2015-02-26,CHEYNES,ulp_91,142.9,142.9,142.9,142.9,1
2015-02-27,CHEYNES,ulp_91,142.9,142.9,142.9,142.9,1
2015-02-28,CHEYNES,ulp_91,142.9,142.9,142.9,142.9,1
2016-01-01,CHEYNES,ulp_91,128.9,128.9,128.9,128.9,1
2016-01-02,CHEYNES,ulp_91,128.9,128.9,128.9,128.9,1
2016-01-03,CHEYNES,ulp_91,128.9,128.9,128.9,128.9,1
2016-01-04,CHEYNES,ulp_91,128.9,128.9,128.9,128.9,1
2016-01-05,CHEYNES,ulp_91,128.9,128.9,128.9,128.9,1
2016-01-06,CHEYNES,ulp_91,128.9,128.9,128.9,128.9,1
2016-01-07,CHEYNES,ulp_91,128.9,128.9,128.9,128.9,1
2016-01-08,CHEYNES,ulp_91,128.9,128.9,128.9,128.9,1
2016-01-09,CHEYNES,ulp_91,128.9,128.9,128.9,128.9,1
2016-01-10,CHEYNES,ulp_91,128.9,128.9,128.9,128.9,1
2016-01-11,CHEYNES,ulp_91,128.9,128.9,128.9,128.9,1
2016-01-12,CHEYNES,ulp_91,128.9,128.9,128.9,128.9,1
2016-01-13,CHEYNES,ulp_91,128.9,128.9,128.9,128.9,1
2016-01-14,CHEYNES,ulp_91,128.9,128.9,128.9,128.9,1
2016-01-15,CHEYNES,ulp_91,128.9,128.9,128.9,128.9,1
2016-01-16,CHEYNES,ulp_91,128.9,128.9,128.9,128.9,1
2016-01-17,CHEYNES,ulp_91,128.9,128.9,128.9,128.9,1
2016-01-18,CHEYNES,ulp_91,128.9,128.9,128.9,128.9,1
2016-01-19,CHEYNES,ulp_91,128.9,128.9,128.9,128.9,1
2016-01-20,CHEYNES,ulp_91,128.9,128.9,128.9,128.9,1
2016-01-21,CHEYNES,ulp_91,128.9,128.9,128.9,128.9,1
2016-01-22,CHEYNES,ulp_91,128.9,128.9,128.9,128.9,1
2016-01-23,CHEYNES,ulp_91,128.9,128.9,128.9,128.9,1
2016-01-24,CHEYNES,ulp_91,128.9,128.9,128.9,128.9,1
2016-01-25,CHEYNES,ulp_91,128.9,128.9,128.9,128.9,1
2016-01-26,CHEYNES,ulp_91,128.9,128.9,128.9,128.9,1
2016-01-27,CHEYNES,ulp_91,128.9,128.9,128.9,128.9,1
2016-01-28,CHEYNES,ulp_91,128.9,128.9,128.9,128.9,1
2016-01-29,CHEYNES,ulp_91,128.9,128.9,128.9,128.9,1
2016-01-30,CHEYNES,ulp_91,128.9,128.9,128.9,128.9,1
2016-01-31,CHEYNES,ulp_91,128.9,128.9,128.9,128.9,1
2016-02-01,CHEYNES,ulp_91,128.9,128.9,128.9,128.9,1
2016-02-02,CHEYNES,ulp_91,128.9,128.9,128.9,128.9,1
2016-02-03,CHEYNES,ulp_91,128.9,128.9,128.9,128.9,1
2016-02-04,CHEYNES,ulp_91,128.9,128.9,128.9,128.9,1
2016-02-05,CHEYNES,ulp_91,128.9,128.9,128.9,128.9,1
2016-02-06,CHEYNES,ulp_91,128.9,128.9,128.9,128.9,1
2016-02-07,CHEYNES,ulp_91,128.9,128.9,128.9,128.9,1
2016-02-08,CHEYNES,ulp_91,128.9,128.9,128.9,128.9,1
2016-02-09,CHEYNES,ulp_91,128.9,128.9,128.9,128.9,1
2016-02-10,CHEYNES,ulp_91,128.9,128.9,128.9,128.9,1
2016-02-11,CHEYNES,ulp_91,128.9,128.9,128.9,128.9,1
2016-02-12,CHEYNES,ulp_91,128.9,128.9,128.9,128.9,1
2016-02-13,CHEYNES,ulp_91,128.9,128.9,128.9,128.9,1
2016-02-14,CHEYNES,ulp_91,128.9,128.9,128.9,128.9,1
2016-02-15,CHEYNES,ulp_91,128.9,128.9,128.9,128.9,1
2016-02-16,CHEYNES,ulp_91,128.9,128.9,128.9,128.9,1
2016-02-17,CHEYNES,ulp_91,128.9,128.9,128.9,128.9,1
2016-02-18,CHEYNES,ulp_91,128.9,128.9,128.9,128.9,1
2016-02-19,CHEYNES,ulp_91,128.9,128.9,128.9,128.9,1
2016-02-20,CHEYNES,ulp_91,128.9,128.9,128.9,128.9,1
2016-02-21,CHEYNES,ulp_91,128.9,128.9,128.9,128.9,1
2016-02-22,CHEYNES,ulp_91,128.9,128.9,128.9,128.9,1
2016-02-23,CHEYNES,ulp_91,128.9,128.9,128.9,128.9,1
2016-02-24,CHEYNES,ulp_91,128.9,128.9,128.9,128.9,1
2016-02-25,CHEYNES,ulp_91,128.9,128.9,128.9,128.9,1
2016-02-26,CHEYNES,ulp_91,128.9,128.9,128.9,128.9,1
2016-02-27,CHEYNES,ulp_91,128.9,128.9,128.9,128.9,1
2016-02-28,CHEYNES,ulp_91,128.9,128.9,128.9,128.9,1
2016-02-29,CHEYNES,ulp_91,128.9,128.9,128.9,128.9,1
2017-01-01,CHEYNES,ulp_91,138.9,138.9,138.9,138.9,1
2017-01-02,CHEYNES,ulp_91,138.9,138.9,138.9,138.9,1
2017-01-03,CHEYNES,ulp_91,138.9,138.9,138.9,138.9,1
2017-01-04,CHEYNES,ulp_91,138.9,138.9,138.9,138.9,1
2017-01-05,CHEYNES,ulp_91,138.9,138.9,138.9,138.9,1
2017-01-06,CHEYNES,ulp_91,138.9,138.9,138.9,138.9,1
2017-01-07,CHEYNES,ulp_91,140.9,140.9,140.9,140.9,1
2017-01-08,CHEYNES,ulp_91,140.9,140.9,140.9,140.9,1
2017-01-09,CHEYNES,ulp_91,140.9,140.9,140.9,140.9,1
2017-01-10,CHEYNES,ulp_91,140.9,140.9,140.9,140.9,1
2017-01-11,CHEYNES,ulp_91,140.9,140.9,140.9,140.9,1
2017-01-12,CHEYNES,ulp_91,140.9,140.9,140.9,140.9,1
2017-01-13,CHEYNES,ulp_91,140.9,140.9,140.9,140.9,1
2017-01-14,CHEYNES,ulp_91,140.9,140.9,140.9,140.9,1
2017-01-15,CHEYNES,ulp_91,140.9,140.9,140.9,140.9,1
2017-01-16,CHEYNES,ulp_91,140.9,140.9,140.9,140.9,1
2017-01-17,CHEYNES,ulp_91,140.9,140.9,140.9,140.9,1
2017-01-18,CHEYNES,ulp_91,140.9,140.9,140.9,140.9,1
2017-01-19,CHEYNES,ulp_91,140.9,140.9,140.9,140.9,1
2017-01-20,CHEYNES,ulp_91,140.9,140.9,140.9,140.9,1
2017-01-21,CHEYNES,ulp_91,140.9,140.9,140.9,140.9,1
2017-01-22,CHEYNES,ulp_91,140.9,140.9,140.9,140.9,1
2017-01-23,CHEYNES,ulp_91,140.9,140.9,140.9,140.9,1
2017-01-24,CHEYNES,ulp_91,140.9,140.9,140.9,140.9,1
2017-01-25,CHEYNES,ulp_91,140.9,140.9,140.9,140.9,1
2017-01-26,CHEYNES,ulp_91,137.9,137.9,137.9,137.9,1
2017-01-27,CHEYNES,ulp_91,137.9,137.9,137.9,137.9,1
2017-01-28,CHEYNES,ulp_91,137.9,137.9,137.9,137.9,1
2017-01-29,CHEYNES,ulp_91,137.9,137.9,137.9,137.9,1
2017-01-30,CHEYNES,ulp_91,137.9,137.9,137.9,137.9,1
2017-01-31,CHEYNES,ulp_91,137.9,137.9,137.9,137.9,1
2017-02-01,CHEYNES,ulp_91,137.9,137.9,137.9,137.9,1
2017-02-02,CHEYNES,ulp_91,137.9,137.9,137.9,137.9,1
2017-02-03,CHEYNES,ulp_91,137.9,137.9,137.9,137.9,1
2017-02-04,CHEYNES,ulp_91,137.9,137.9,137.9,137.9,1
2017-02-05,CHEYNES,ulp_91,137.9,137.9,137.9,137.9,1
2017-02-06,CHEYNES,ulp_91,137.9,137.9,137.9,137.9,1
2017-02-07,CHEYNES,ulp_91,137.9,137.9,137.9,137.9,1
2017-02-08,CHEYNES,ulp_91,138.9,138.9,138.9,138.9,1
2017-02-09,CHEYNES,ulp_91,138.9,138.9,138.9,138.9,1
2017-02-10,CHEYNES,ulp_91,138.9,138.9,138.9,138.9,1
2017-02-11,CHEYNES,ulp_91,138.9,138.9,138.9,138.9,1
2017-02-12,CHEYNES,ulp_91,138.9,138.9,138.9,138.9,1
2017-02-13,CHEYNES,ulp_91,138.9,138.9,138.9,138.9,1
2017-02-14,CHEYNES,ulp_91,138.9,138.9,138.9,138.9,1
2017-02-15,CHEYNES,ulp_91,138.9,138.9,138.9,138.9,1
2017-02-16,CHEYNES,ulp_91,138.9,138.9,138.9,138.9,1
2017-02-17,CHEYNES,ulp_91,138.9,138.9,138.9,138.9,1
2017-02-18,CHEYNES,ulp_91,138.9,138.9,138.9,138.9,1
2017-02-19,CHEYNES,ulp_91,138.9,138.9,138.9,138.9,1
2017-02-20,CHEYNES,ulp_91,138.9,138.9,138.9,138.9,1
2017-02-21,CHEYNES,ulp_91,138.9,138.9,138.9,138.9,1
2017-02-22,CHEYNES,ulp_91,138.9,138.9,138.9,138.9,1
2017-02-23,CHEYNES,ulp_91,138.9,138.9,138.9,138.9,1
2017-02-24,CHEYNES,ulp_91,138.9,138.9,138.9,138.9,1
2017-02-25,CHEYNES,ulp_91,138.9,138.9,138.9,138.9,1
2017-02-26,CHEYNES,ulp_91,138.9,138.9,138.9,138.9,1
2017-02-27,CHEYNES,ulp_91,138.9,138.9,138.9,138.9,1
2017-02-28,CHEYNES,ulp_91,138.9,138.9,138.9,138.9,1
2018-01-01,CHEYNES,ulp_91,140.9,140.9,140.9,140.9,1
2018-01-02,CHEYNES,ulp_91,140.9,140.9,140.9,140.9,1
2018-01-03,CHEYNES,ulp_91,140.9,140.9,140.9,140.9,1
2018-01-04,CHEYNES,ulp_91,140.9,140.9,140.9,140.9,1
2018-01-05,CHEYNES,ulp_91,140.9,140.9,140.9,140.9,1
2018-01-06,CHEYNES,ulp_91,140.9,140.9,140.9,140.9,1
2018-01-07,CHEYNES,ulp_91,140.9,140.9,140.9,140.9,1
2018-01-08,CHEYNES,ulp_91,140.9,140.9,140.9,140.9,1
2018-01-09,CHEYNES,ulp_91,140.9,140.9,140.9,140.9,1
2018-01-10,CHEYNES,ulp_91,140.9,140.9,140.9,140.9,1
2018-01-11,CHEYNES,ulp_91,140.9,140.9,140.9,140.9,1
2018-01-12,CHEYNES,ulp_91,140.9,140.9,140.9,140.9,1
2018-01-13,CHEYNES,ulp_91,140.9,140.9,140.9,140.9,1
2018-01-14,CHEYNES,ulp_91,140.9,140.9,140.9,140.9,1
2018-01-15,CHEYNES,ulp_91,140.9,140.9,140.9,140.9,1
2018-01-16,CHEYNES,ulp_91,140.9,140.9,140.9,140.9,1
2018-01-17,CHEYNES,ulp_91,140.9,140.9,140.9,140.9,1
2018-01-18,CHEYNES,ulp_91,140.9,140.9,140.9,140.9,1
2018-01-19,CHEYNES,ulp_91,140.9,140.9,140.9,140.9,1
2018-01-20,CHEYNES,ulp_91,140.9,140.9,140.9,140.9,1
2018-01-21,CHEYNES,ulp_91,140.9,140.9,140.9,140.9,1
2018-01-22,CHEYNES,ulp_91,140.9,140.9,140.9,140.9,1
2018-01-23,CHEYNES,ulp_91,140.9,140.9,140.9,140.9,1
2018-01-24,CHEYNES,ulp_91,140.9,140.9,140.9,140.9,1
2018-01-25,CHEYNES,ulp_91,140.9,140.9,140.9,140.9,1
2018-01-26,CHEYNES,ulp_91,140.9,140.9,140.9,140.9,1
2018-01-27,CHEYNES,ulp_91,140.9,140.9,140.9,140.9,1
2018-01-28,CHEYNES,ulp_91,140.9,140.9,140.9,140.9,1
2018-01-29,CHEYNES,ulp_91,140.9,140.9,140.9,140.9,1
2018-01-30,CHEYNES,ulp_91,140.9,140.9,140.9,140.9,1
2018-01-31,CHEYNES,ulp_91,140.9,140.9,140.9,140.9,1
2018-02-01,CHEYNES,ulp_91,140.9,140.9,140.9,140.9,1
2018-02-02,CHEYNES,ulp_91,140.9,140.9,140.9,140.9,1
2018-02-03,CHEYNES,ulp_91,140.9,140.9,140.9,140.9,1
2018-02-04,CHEYNES,ulp_91,140.9,140.9,140.9,140.9,1
2018-02-05,CHEYNES,ulp_91,140.9,140.9,140.9,140.9,1
2018-02-06,CHEYNES,ulp_91,140.9,140.9,140.9,140.9,1
2018-02-07,CHEYNES,ulp_91,140.9,140.9,140.9,140.9,1
2018-02-08,CHEYNES,ulp_91,140.9,140.9,140.9,140.9,1
2018-02-09,CHEYNES,ulp_91,140.9,140.9,140.9,140.9,1
2018-02-10,CHEYNES,ulp_91,140.9,140.9,140.9,140.9,1
2018-02-11,CHEYNES,ulp_91,140.9,140.9,140.9,140.9,1
2018-02-12,CHEYNES,ulp_91,140.9,140.9,140.9,140.9,1
2018-02-13,CHEYNES,ulp_91,140.9,140.9,140.9,140.9,1
2018-02-14,CHEYNES,ulp_91,140.9,140.9,140.9,140.9,1
2018-02-15,CHEYNES,ulp_91,140.9,140.9,140.9,140.9,1
2018-02-16,CHEYNES,ulp_91,140.9,140.9,140.9,140.9,1
2018-02-17,CHEYNES,ulp_91,140.9,140.9,140.9,140.9,1
2018-02-18,CHEYNES,ulp_91,140.9,140.9,140.9,140.9,1
2018-02-19,CHEYNES,ulp_91,140.9,140.9,140.9,140.9,1
2018-02-20,CHEYNES,ulp_91,140.9,140.9,140.9,140.9,1
2018-02-21,CHEYNES,ulp_91,140.9,140.9,140.9,140.9,1
2018-02-22,CHEYNES,ulp_91,140.9,140.9,140.9,140.9,1
2018-02-23,CHEYNES,ulp_91,140.9,140.9,140.9,140.9,1
2018-02-24,CHEYNES,ulp_91,140.9,140.9,140.9,140.9,1
2018-02-25,CHEYNES,ulp_91,140.9,140.9,140.9,140.9,1
2018-02-26,CHEYNES,ulp_91,140.9,140.9,140.9,140.9,1
2018-02-27,CHEYNES,ulp_91,140.9,140.9,140.9,140.9,1
2018-02-28,CHEYNES,ulp_91,140.9,140.9,140.9,140.9,1
2019-01-01,CHEYNES,ulp_91,142.9,142.9,142.9,142.9,1
2019-01-02,CHEYNES,ulp_91,142.9,142.9,142.9,142.9,1
2019-01-03,CHEYNES,ulp_91,142.9,142.9,142.9,142.9,1
2019-01-04,CHEYNES,ulp_91,142.9,142.9,142.9,142.9,1
2019-01-05,CHEYNES,ulp_91,142.9,142.9,142.9,142.9,1
2019-01-06,CHEYNES,ulp_91,138.9,138.9,138.9,138.9,1
2019-01-07,CHEYNES,ulp_91,138.9,138.9,138.9,138.9,1
2019-01-08,CHEYNES,ulp_91,138.9,138.9,138.9,138.9,1
2019-01-09,CHEYNES,ulp_91,138.9,138.9,138.9,138.9,1
2019-01-10,CHEYNES,ulp_91,138.9,138.9,138.9,138.9,1
2019-01-11,CHEYNES,ulp_91,138.9,138.9,138.9,138.9,1
2019-01-12,CHEYNES,ulp_91,138.9,138.9,138.9,138.9,1
2019-01-13,CHEYNES,ulp_91,138.9,138.9,138.9,138.9,1
2019-01-14,CHEYNES,ulp_91,138.9,138.9,138.9,138.9,1
2019-01-15,CHEYNES,ulp_91,138.9,138.9,138.9,138.9,1
2019-01-16,CHEYNES,ulp_91,138.9,138.9,138.9,138.9,1
2019-01-17,CHEYNES,ulp_91,138.9,138.9,138.9,138.9,1
2019-01-18,CHEYNES,ulp_91,138.9,138.9,138.9,138.9,1
2019-01-19,CHEYNES,ulp_91,138.9,138.9,138.9,138.9,1
2019-01-20,CHEYNES,ulp_91,138.9,138.9,138.9,138.9,1
2019-01-21,CHEYNES,ulp_91,138.9,138.9,138.9,138.9,1
2019-01-22,CHEYNES,ulp_91,138.9,138.9,138.9,138.9,1
2019-01-23,CHEYNES,ulp_91,138.9,138.9,138.9,138.9,1
2019-01-24,CHEYNES,ulp_91,138.9,138.9,138.9,138.9,1
2019-01-25,CHEYNES,ulp_91,138.9,138.9,138.9,138.9,1
2019-01-26,CHEYNES,ulp_91,138.9,138.9,138.9,138.9,1
2019-01-27,CHEYNES,ulp_91,138.9,138.9,138.9,138.9,1
2019-01-28,CHEYNES,ulp_91,138.9,138.9,138.9,138.9,1
2019-01-29,CHEYNES,ulp_91,138.9,138.9,138.9,138.9,1
2019-01-30,CHEYNES,ulp_91,138.9,138.9,138.9,138.9,1
2019-01-31,CHEYNES,ulp_91,138.9,138.9,138.9,138.9,1
2019-02-01,CHEYNES,ulp_91,138.9,138.9,138.9,138.9,1
2019-02-02,CHEYNES,ulp_91,138.9,138.9,138.9,138.9,1
2019-02-03,CHEYNES,ulp_91,138.9,138.9,138.9,138.9,1
2019-02-04,CHEYNES,ulp_91,138.9,138.9,138.9,138.9,1
2019-02-05,CHEYNES,ulp_91,138.9,138.9,138.9,138.9,1
2019-02-06,CHEYNES,ulp_91,138.9,138.9,138.9,138.9,1
2019-02-07,CHEYNES,ulp_91,138.9,138.9,138.9,138.9,1
2019-02-08,CHEYNES,ulp_91,138.9,138.9,138.9,138.9,1
2019-02-09,CHEYNES,ulp_91,138.9,138.9,138.9,138.9,1
2019-02-10,CHEYNES,ulp_91,138.9,138.9,138.9,138.9,1
2019-02-11,CHEYNES,ulp_91,138.9,138.9,138.9,138.9,1
2019-02-12,CHEYNES,ulp_91,138.9,138.9,138.9,138.9,1
2019-02-13,CHEYNES,ulp_91,138.9,138.9,138.9,138.9,1
2019-02-14,CHEYNES,ulp_91,138.9,138.9,138.9,138.9,1
2019-02-15,CHEYNES,ulp_91,138.9,138.9,138.9,138.9,1
2019-02-16,CHEYNES,ulp_91,138.9,138.9,138.9,138.9,1
2019-02-17,CHEYNES,ulp_91,138.9,138.9,138.9,138.9,1
2019-02-18,CHEYNES,ulp_91,138.9,138.9,138.9,138.9,1
2019-02-19,CHEYNES,ulp_91,138.9,138.9,138.9,138.9,1
2019-02-20,CHEYNES,ulp_91,138.9,138.9,138.9,138.9,1
2019-02-21,CHEYNES,ulp_91,138.9,138.9,138.9,138.9,1
2019-02-22,CHEYNES,ulp_91,138.9,138.9,138.9,138.9,1
2019-02-23,CHEYNES,ulp_91,138.9,138.9,138.9,138.9,1
2019-02-24,CHEYNES,ulp_91,142.9,142.9,142.9,142.9,1
2019-02-25,CHEYNES,ulp_91,142.9,142.9,142.9,142.9,1
2019-02-26,CHEYNES,ulp_91,142.9,142.9,142.9,142.9,1
2019-02-27,CHEYNES,ulp_91,142.9,142.9,142.9,142.9,1
2019-02-28,CHEYNES,ulp_91,142.9,142.9,142.9,142.9,1
2020-01-01,CHEYNES,ulp_91,154.9,154.9,154.9,154.9,1
2020-01-02,CHEYNES,ulp_91,154.9,154.9,154.9,154.9,1
2020-01-03,CHEYNES,ulp_91,154.9,154.9,154.9,154.9,1
2020-01-04,CHEYNES,ulp_91,154.9,154.9,154.9,154.9,1
2020-01-05,CHEYNES,ulp_91,154.9,154.9,154.9,154.9,1
2020-01-06,CHEYNES,ulp_91,154.9,154.9,154.9,154.9,1
2020-01-07,CHEYNES,ulp_91,154.9,154.9,154.9,154.9,1
2020-01-08,CHEYNES,ulp_91,154.9,154.9,154.9,154.9,1
2020-01-09,CHEYNES,ulp_91,154.9,154.9,154.9,154.9,1
2020-01-10,CHEYNES,ulp_91,154.9,154.9,154.9,154.9,1
2020-01-11,CHEYNES,ulp_91,154.9,154.9,154.9,154.9,1
2020-01-12,CHEYNES,ulp_91,154.9,154.9,154.9,154.9,1
2020-01-13,CHEYNES,ulp_91,154.9,154.9,154.9,154.9,1
2020-01-14,CHEYNES,ulp_91,154.9,154.9,154.9,154.9,1
2020-01-15,CHEYNES,ulp_91,154.9,154.9,154.9,154.9,1
2020-01-16,CHEYNES,ulp_91,154.9,154.9,154.9,154.9,1
2020-01-17,CHEYNES,ulp_91,154.9,154.9,154.9,154.9,1
2020-01-18,CHEYNES,ulp_91,154.9,154.9,154.9,154.9,1
2020-01-19,CHEYNES,ulp_91,154.9,154.9,154.9,154.9,1
2020-01-20,CHEYNES,ulp_91,154.9,154.9,154.9,154.9,1
2020-01-21,CHEYNES,ulp_91,154.9,154.9,154.9,154.9,1
2020-01-22,CHEYNES,ulp_91,154.9,154.9,154.9,154.9,1
2020-01-23,CHEYNES,ulp_91,154.9,154.9,154.9,154.9,1
2020-01-24,CHEYNES,ulp_91,154.9,154.9,154.9,154.9,1
2020-01-25,CHEYNES,ulp_91,154.9,154.9,154.9,154.9,1
2020-01-26,CHEYNES,ulp_91,154.9,154.9,154.9,154.9,1
2020-01-27,CHEYNES,ulp_91,154.9,154.9,154.9,154.9,1
2020-01-28,CHEYNES,ulp_91,154.9,154.9,154.9,154.9,1
2020-01-29,CHEYNES,ulp_91,154.9,154.9,154.9,154.9,1
2020-01-30,CHEYNES,ulp_91,154.9,154.9,154.9,154.9,1
2020-01-31,CHEYNES,ulp_91,154.9,154.9,154.9,154.9,1
2020-02-01,CHEYNES,ulp_91,154.9,154.9,154.9,154.9,1
2020-02-02,CHEYNES,ulp_91,153.9,153.9,153.9,153.9,1
2020-02-03,CHEYNES,ulp_91,153.9,153.9,153.9,153.9,1
2020-02-04,CHEYNES,ulp_91,153.9,153.9,153.9,153.9,1
2020-02-05,CHEYNES,ulp_91,153.9,153.9,153.9,153.9,1
2020-02-06,CHEYNES,ulp_91,153.9,153.9,153.9,153.9,1
2020-02-07,CHEYNES,ulp_91,153.9,153.9,153.9,153.9,1
2020-02-08,CHEYNES,ulp_91,153.9,153.9,153.9,153.9,1
2020-02-09,CHEYNES,ulp_91,153.9,153.9,153.9,153.9,1
2020-02-10,CHEYNES,ulp_91,153.9,153.9,153.9,153.9,1
2020-02-11,CHEYNES,ulp_91,153.9,153.9,153.9,153.9,1
2020-02-12,CHEYNES,ulp_91,153.9,153.9,153.9,153.9,1
2020-02-13,CHEYNES,ulp_91,153.9,153.9,153.9,153.9,1
2020-02-14,CHEYNES,ulp_91,153.9,153.9,153.9,153.9,1
2020-02-15,CHEYNES,ulp_91,153.9,153.9,153.9,153.9,1
2020-02-16,CHEYNES,ulp_91,153.9,153.9,153.9,153.9,1
2020-02-17,CHEYNES,ulp_91,153.9,153.9,153.9,153.9,1
2020-02-18,CHEYNES,ulp_91,153.9,153.9,153.9,153.9,1
2020-02-19,CHEYNES,ulp_91,153.9,153.9,153.9,153.9,1
2020-02-20,CHEYNES,ulp_91,153.9,153.9,153.9,153.9,1
2020-02-21,CHEYNES,ulp_91,153.9,153.9,153.9,153.9,1
2020-02-22,CHEYNES,ulp_91,151.9,151.9,151.9,151.9,1
2020-02-23,CHEYNES,ulp_91,151.9,151.9,151.9,151.9,1
2020-02-24,CHEYNES,ulp_91,151.9,151.9,151.9,151.9,1
2020-02-25,CHEYNES,ulp_91,151.9,151.9,151.9,151.9,1
2020-02-26,CHEYNES,ulp_91,151.9,151.9,151.9,151.9,1
2020-02-27,CHEYNES,ulp_91,151.9,151.9,151.9,151.9,1
2020-02-28,CHEYNES,ulp_91,151.9,151.9,151.9,151.9,1
2020-02-29,CHEYNES,ulp_91,151.9,151.9,151.9,151.9,1
2021-01-01,CHEYNES,ulp_91,126.9,126.9,126.9,126.9,1
2021-01-02,CHEYNES,ulp_91,126.9,126.9,126.9,126.9,1
2021-01-03,CHEYNES,ulp_91,126.9,126.9,126.9,126.9,1
2021-01-04,CHEYNES,ulp_91,126.9,126.9,126.9,126.9,1
2021-01-05,CHEYNES,ulp_91,126.9,126.9,126.9,126.9,1
2021-01-06,CHEYNES,ulp_91,128.9,128.9,128.9,128.9,1
2021-01-07,CHEYNES,ulp_91,128.9,128.9,128.9,128.9,1
2021-01-08,CHEYNES,ulp_91,128.9,128.9,128.9,128.9,1
2021-01-09,CHEYNES,ulp_91,130.9,130.9,130.9,130.9,1
2021-01-10,CHEYNES,ulp_91,130.9,130.9,130.9,130.9,1
2021-01-11,CHEYNES,ulp_91,130.9,130.9,130.9,130.9,1
2021-01-12,CHEYNES,ulp_91,130.9,130.9,130.9,130.9,1
2021-01-13,CHEYNES,ulp_91,130.9,130.9,130.9,130.9,1
2021-01-14,CHEYNES,ulp_91,130.9,130.9,130.9,130.9,1
2021-01-15,CHEYNES,ulp_91,130.9,130.9,130.9,130.9,1
2021-01-16,CHEYNES,ulp_91,130.9,130.9,130.9,130.9,1
2021-01-17,CHEYNES,ulp_91,130.9,130.9,130.9,130.9,1
2021-01-18,CHEYNES,ulp_91,130.9,130.9,130.9,130.9,1
2021-01-19,CHEYNES,ulp_91,130.9,130.9,130.9,130.9,1
2021-01-20,CHEYNES,ulp_91,133.9,133.9,133.9,133.9,1
2021-01-21,CHEYNES,ulp_91,133.9,133.9,133.9,133.9,1
2021-01-22,CHEYNES,ulp_91,133.9,133.9,133.9,133.9,1
2021-01-23,CHEYNES,ulp_91,133.9,133.9,133.9,133.9,1
2021-01-24,CHEYNES,ulp_91,133.9,133.9,133.9,133.9,1
2021-01-25,CHEYNES,ulp_91,133.9,133.9,133.9,133.9,1
2021-01-26,CHEYNES,ulp_91,133.9,133.9,133.9,133.9,1
2021-01-27,CHEYNES,ulp_91,133.9,133.9,133.9,133.9,1
2021-01-28,CHEYNES,ulp_91,133.9,133.9,133.9,133.9,1
2021-01-29,CHEYNES,ulp_91,133.9,133.9,133.9,133.9,1
2021-01-30,CHEYNES,ulp_91,133.9,133.9,133.9,133.9,1
2021-01-31,CHEYNES,ulp_91,133.9,133.9,133.9,133.9,1
2022-01-01,CHEYNES,ulp_91,169.9,169.9,169.9,169.9,1
2022-01-02,CHEYNES,ulp_91,169.9,169.9,169.9,169.9,1
2022-01-03,CHEYNES,ulp_91,169.9,169.9,169.9,169.9,1
2022-01-04,CHEYNES,ulp_91,169.9,169.9,169.9,169.9,1
2022-01-05,CHEYNES,ulp_91,169.9,169.9,169.9,169.9,1
2022-01-06,CHEYNES,ulp_91,170.5,170.5,170.5,170.5,1
2022-01-07,CHEYNES,ulp_91,170.5,170.5,170.5,170.5,1
2022-01-08,CHEYNES,ulp_91,170.5,170.5,170.5,170.5,1
2022-01-09,CHEYNES,ulp_91,170.5,170.5,170.5,170.5,1
2022-01-10,CHEYNES,ulp_91,170.5,170.5,170.5,170.5,1
2022-01-11,CHEYNES,ulp_91,170.5,170.5,170.5,170.5,1
2022-01-12,CHEYNES,ulp_91,170.5,170.5,170.5,170.5,1
2022-01-13,CHEYNES,ulp_91,170.5,170.5,170.5,170.5,1
2022-01-14,CHEYNES,ulp_91,170.5,170.5,170.5,170.5,1
2022-01-15,CHEYNES,ulp_91,170.5,170.5,170.5,170.5,1
2022-01-16,CHEYNES,ulp_91,170.5,170.5,170.5,170.5,1
2022-01-17,CHEYNES,ulp_91,170.5,170.5,170.5,170.5,1
2022-01-18,CHEYNES,ulp_91,170.5,170.5,170.5,170.5,1
2022-01-19,CHEYNES,ulp_91,173.9,173.9,173.9,173.9,1
2022-01-20,CHEYNES,ulp_91,173.9,173.9,173.9,173.9,1
2022-01-21,CHEYNES,ulp_91,173.9,173.9,173.9,173.9,1
2022-01-22,CHEYNES,ulp_91,173.9,173.9,173.9,173.9,1
2022-01-23,CHEYNES,ulp_91,173.9,173.9,173.9,173.9,1
2022-01-24,CHEYNES,ulp_91,173.9,173.9,173.9,173.9,1
2022-01-25,CHEYNES,ulp_91,173.9,173.9,173.9,173.9,1
2022-01-26,CHEYNES,ulp_91,173.9,173.9,173.9,173.9,1
2022-01-27,CHEYNES,ulp_91,173.9,173.9,173.9,173.9,1
2022-01-28,CHEYNES,ulp_91,173.9,173.9,173.9,173.9,1
2022-01-29,CHEYNES,ulp_91,173.9,173.9,173.9,173.9,1
2022-01-30,CHEYNES,ulp_91,173.9,173.9,173.9,173.9,1
2022-01-31,CHEYNES,ulp_91,173.9,173.9,173.9,173.9,1
2023-01-01,CHEYNES,ulp_91,184.5,184.5,184.5,184.5,1
2023-01-02,CHEYNES,ulp_91,184.5,184.5,184.5,184.5,1
2023-01-03,CHEYNES,ulp_91,184.5,184.5,184.5,184.5,1
2023-01-04,CHEYNES,ulp_91,194.4,194.4,194.4,194.4,1
2023-01-05,CHEYNES,ulp_91,194.4,194.4,194.4,194.4,1
2023-01-06,CHEYNES,ulp_91,194.4,194.4,194.4,194.4,1
2023-01-07,CHEYNES,ulp_91,194.4,194.4,194.4,194.4,1
2023-01-08,CHEYNES,ulp_91,194.4,194.4,194.4,194.4,1
2023-01-09,CHEYNES,ulp_91,194.4,194.4,194.4,194.4,1
2023-01-10,CHEYNES,ulp_91,194.4,194.4,194.4,194.4,1
2023-01-11,CHEYNES,ulp_91,194.4,194.4,194.4,194.4,1
2023-01-12,CHEYNES,ulp_91,194.4,194.4,194.4,194.4,1
2023-01-13,CHEYNES,ulp_91,194.4,194.4,194.4,194.4,1
2023-01-14,CHEYNES,ulp_91,194.4,194.4,194.4,194.4,1
2023-01-15,CHEYNES,ulp_91,194.4,194.4,194.4,194.4,1
2023-01-16,CHEYNES,ulp_91,194.4,194.4,194.4,194.4,1
2023-01-17,CHEYNES,ulp_91,194.4,194.4,194.4,194.4,1
2023-01-18,CHEYNES,ulp_91,194.4,194.4,194.4,194.4,1
2023-01-19,CHEYNES,ulp_91,191.5,191.5,191.5,191.5,1
2023-01-20,CHEYNES,ulp_91,191.5,191.5,191.5,191.5,1
2023-01-21,CHEYNES,ulp_91,191.5,191.5,191.5,191.5,1
2023-01-22,CHEYNES,ulp_91,191.5,191.5,191.5,191.5,1
2023-01-23,CHEYNES,ulp_91,191.5,191.5,191.5,191.5,1
2023-01-24,CHEYNES,ulp_91,191.5,191.5,191.5,191.5,1
2023-01-25,CHEYNES,ulp_91,191.5,191.5,191.5,191.5,1
2023-01-26,CHEYNES,ulp_91,191.5,191.5,191.5,191.5,1
2023-01-27,CHEYNES,ulp_91,191.5,191.5,191.5,191.5,1
2023-01-28,CHEYNES,ulp_91,191.5,191.5,191.5,191.5,1
2023-01-29,CHEYNES,ulp_91,191.5,191.5,191.5,191.5,1
2023-01-30,CHEYNES,ulp_91,191.5,191.5,191.5,191.5,1
2023-01-31,CHEYNES,ulp_91,191.5,191.5,191.5,191.5,1
2024-01-01,CHEYNES,ulp_91,193.7,193.7,193.7,193.7,1
2024-01-02,CHEYNES,ulp_91,193.7,193.7,193.7,193.7,1
2024-01-03,CHEYNES,ulp_91,193.7,193.7,193.7,193.7,1
2024-01-04,CHEYNES,ulp_91,193.7,193.7,193.7,193.7,1
2024-01-05,CHEYNES,ulp_91,193.7,193.7,193.7,193.7,1
2024-01-06,CHEYNES,ulp_91,193.7,193.7,193.7,193.7,1
2024-01-07,CHEYNES,ulp_91,193.7,193.7,193.7,193.7,1
2024-01-08,CHEYNES,ulp_91,193.7,193.7,193.7,193.7,1
2024-01-09,CHEYNES,ulp_91,193.7,193.7,193.7,193.7,1
2024-01-10,CHEYNES,ulp_91,193.7,193.7,193.7,193.7,1
2024-01-11,CHEYNES,ulp_91,193.7,193.7,193.7,193.7,1
2024-01-12,CHEYNES,ulp_91,193.7,193.7,193.7,193.7,1
2024-01-13,CHEYNES,ulp_91,193.7,193.7,193.7,193.7,1
2024-01-14,CHEYNES,ulp_91,193.7,193.7,193.7,193.7,1
2024-01-15,CHEYNES,ulp_91,193.7,193.7,193.7,193.7,1
2024-01-16,CHEYNES,ulp_91,193.7,193.7,193.7,193.7,1
2024-01-17,CHEYNES,ulp_91,193.7,193.7,193.7,193.7,1
2024-01-18,CHEYNES,ulp_91,193.7,193.7,193.7,193.7,1
2024-01-19,CHEYNES,ulp_91,193.7,193.7,193.7,193.7,1
2024-01-20,CHEYNES,ulp_91,193.7,193.7,193.7,193.7,1
2024-01-21,CHEYNES,ulp_91,193.7,193.7,193.7,193.7,1
2024-01-22,CHEYNES,ulp_91,193.7,193.7,193.7,193.7,1
2024-01-23,CHEYNES,ulp_91,193.7,193.7,193.7,193.7,1
2024-01-24,CHEYNES,ulp_91,193.7,193.7,193.7,193.7,1
2024-01-25,CHEYNES,ulp_91,193.7,193.7,193.7,193.7,1
2024-01-26,CHEYNES,ulp_91,193.7,193.7,193.7,193.7,1
2024-01-27,CHEYNES,ulp_91,193.7,193.7,193.7,193.7,1
2024-01-28,CHEYNES,ulp_91,193.7,193.7,193.7,193.7,1
2024-01-29,CHEYNES,ulp_91,193.7,193.7,193.7,193.7,1
2024-01-30,CHEYNES,ulp_91,193.7,193.7,193.7,193.7,1
2024-01-31,CHEYNES,ulp_91,193.7,193.7,193.7,193.7,1
2025-01-01,CHEYNES,ulp_91,191.5,191.5,191.5,191.5,1
2025-01-02,CHEYNES,ulp_91,192.3,192.3,192.3,192.3,1
2025-01-03,CHEYNES,ulp_91,192.3,192.3,192.3,192.3,1
2025-01-04,CHEYNES,ulp_91,192.3,192.3,192.3,192.3,1
2025-01-05,CHEYNES,ulp_91,192.3,192.3,192.3,192.3,1
2025-01-06,CHEYNES,ulp_91,192.3,192.3,192.3,192.3,1
2025-01-07,CHEYNES,ulp_91,192.3,192.3,192.3,192.3,1
2025-01-08,CHEYNES,ulp_91,192.3,192.3,192.3,192.3,1
2025-01-09,CHEYNES,ulp_91,192.3,192.3,192.3,192.3,1
2025-01-10,CHEYNES,ulp_91,192.3,192.3,192.3,192.3,1
2025-01-11,CHEYNES,ulp_91,194.7,194.7,194.7,194.7,1
2025-01-12,CHEYNES,ulp_91,194.7,194.7,194.7,194.7,1
2025-01-13,CHEYNES,ulp_91,194.7,194.7,194.7,194.7,1
2025-01-14,CHEYNES,ulp_91,194.7,194.7,194.7,194.7,1
2025-01-15,CHEYNES,ulp_91,194.7,194.7,194.7,194.7,1
2025-01-16,CHEYNES,ulp_91,194.7,194.7,194.7,194.7,1
2025-01-17,CHEYNES,ulp_91,194.7,194.7,194.7,194.7,1
2025-01-18,CHEYNES,ulp_91,194.7,194.7,194.7,194.7,1
2025-01-19,CHEYNES,ulp_91,194.7,194.7,194.7,194.7,1
2025-01-20,CHEYNES,ulp_91,194.7,194.7,194.7,194.7,1
2025-01-21,CHEYNES,ulp_91,194.7,194.7,194.7,194.7,1
2025-01-22,CHEYNES,ulp_91,201.8,201.8,201.8,201.8,1
2025-01-23,CHEYNES,ulp_91,201.8,201.8,201.8,201.8,1
2025-01-24,CHEYNES,ulp_91,201.8,201.8,201.8,201.8,1
2025-01-25,CHEYNES,ulp_91,201.8,201.8,201.8,201.8,1
2025-01-26,CHEYNES,ulp_91,201.8,201.8,201.8,201.8,1
2025-01-27,CHEYNES,ulp_91,201.8,201.8,201.8,201.8,1
2025-01-28,CHEYNES,ulp_91,201.8,201.8,201.8,201.8,1
2025-01-29,CHEYNES,ulp_91,201.8,201.8,201.8,201.8,1
2025-01-30,CHEYNES,ulp_91,201.8,201.8,201.8,201.8,1
2025-01-31,CHEYNES,ulp_91,201.8,201.8,201.8,201.8,1
2026-01-01,CHEYNES,ulp_91,187.2,187.2,187.2,187.2,1
2026-01-02,CHEYNES,ulp_91,187.2,187.2,187.2,187.2,1
2026-01-03,CHEYNES,ulp_91,187.2,187.2,187.2,187.2,1
2026-01-04,CHEYNES,ulp_91,187.2,187.2,187.2,187.2,1
2026-01-05,CHEYNES,ulp_91,187.2,187.2,187.2,187.2,1
2026-01-06,CHEYNES,ulp_91,187.2,187.2,187.2,187.2,1
2026-01-07,CHEYNES,ulp_91,187.2,187.2,187.2,187.2,1
2026-01-08,CHEYNES,ulp_91,183.9,183.9,183.9,183.9,1
2026-01-09,CHEYNES,ulp_91,183.9,183.9,183.9,183.9,1
2026-01-10,CHEYNES,ulp_91,183.9,183.9,183.9,183.9,1
2026-01-11,CHEYNES,ulp_91,183.9,183.9,183.9,183.9,1
2026-01-12,CHEYNES,ulp_91,183.9,183.9,183.9,183.9,1
2026-01-13,CHEYNES,ulp_91,183.9,183.9,183.9,183.9,1
2026-01-14,CHEYNES,ulp_91,183.9,183.9,183.9,183.9,1
2026-01-15,CHEYNES,ulp_91,183.9,183.9,183.9,183.9,1
2026-01-16,CHEYNES,ulp_91,183.9,183.9,183.9,183.9,1
2026-01-17,CHEYNES,ulp_91,183.9,183.9,183.9,183.9,1
2026-01-18,CHEYNES,ulp_91,183.9,183.9,183.9,183.9,1
2026-01-19,CHEYNES,ulp_91,183.9,183.9,183.9,183.9,1
2026-01-20,CHEYNES,ulp_91,183.9,183.9,183.9,183.9,1
2026-01-21,CHEYNES,ulp_91,183.9,183.9,183.9,183.9,1
2026-01-22,CHEYNES,ulp_91,183.9,183.9,183.9,183.9,1
2026-01-23,CHEYNES,ulp_91,183.9,183.9,183.9,183.9,1
2026-01-24,CHEYNES,ulp_91,183.9,183.9,183.9,183.9,1
2026-01-25,CHEYNES,ulp_91,183.9,183.9,183.9,183.9,1
2026-01-26,CHEYNES,ulp_91,183.9,183.9,183.9,183.9,1
2026-01-27,CHEYNES,ulp_91,183.9,183.9,183.9,183.9,1
2026-01-28,CHEYNES,ulp_91,183.9,183.9,183.9,183.9,1
2026-01-29,CHEYNES,ulp_91,183.9,183.9,183.9,183.9,1
2026-01-30,CHEYNES,ulp_91,183.9,183.9,183.9,183.9,1
2026-01-31,CHEYNES,ulp_91,183.9,183.9,183.9,183.9,1
