date,location,fuel_type,min_price,avg_price,max_price,cheapest_price,station_count
2004-01-01,MANJIMUP,premium_95,101.5,103.7,106.9,101.5,6
2004-01-02,MANJIMUP,premium_95,101.5,103.7,106.9,101.5,6
2004-01-03,MANJIMUP,premium_95,101.5,103.9,106.9,101.5,6
2004-01-04,MANJIMUP,premium_95,101.5,103.9,106.9,101.5,6
2004-01-05,MANJIMUP,premium_95,101.5,103.9,106.9,101.5,6
2004-01-06,MANJIMUP,premium_95,102.1,104.2,106.9,102.1,6
2004-01-07,MANJIMUP,premium_95,102.8,104.5,106.9,102.8,6
2004-01-08,MANJIMUP,premium_95,102.8,104.5,106.9,102.8,6
2004-01-09,MANJIMUP,premium_95,102.8,104.5,106.9,102.8,6
2004-01-10,MANJIMUP,premium_95,102.9,104.6,106.9,102.9,6
2004-01-11,MANJIMUP,premium_95,102.9,104.6,106.9,102.9,6
2004-01-12,MANJIMUP,premium_95,102.9,104.6,106.9,102.9,6
2004-01-13,MANJIMUP,premium_95,102.9,105.0,108.9,102.9,6
2004-01-14,MANJIMUP,premium_95,102.9,105.1,108.9,102.9,6
2004-01-15,MANJIMUP,premium_95,102.9,105.2,108.9,102.9,6
2004-01-16,MANJIMUP,premium_95,102.9,105.8,109.5,102.9,6
2004-01-17,MANJIMUP,premium_95,102.9,106.3,109.5,102.9,6
2004-01-18,MANJIMUP,premium_95,102.9,106.3,109.5,102.9,6
2004-01-19,MANJIMUP,premium_95,102.9,106.3,109.5,102.9,6
2004-01-20,MANJIMUP,premium_95,102.9,106.3,109.5,102.9,6
2004-01-21,MANJIMUP,premium_95,102.9,106.3,109.5,102.9,6
2004-01-22,MANJIMUP,premium_95,105.0,107.0,109.5,105.0,6
2004-01-23,MANJIMUP,premium_95,105.0,107.0,109.5,105.0,6
2004-01-24,MANJIMUP,premium_95,105.5,107.2,109.5,105.5,6
2004-01-25,MANJIMUP,premium_95,105.8,107.2,109.5,105.8,6
2004-01-26,MANJIMUP,premium_95,105.8,107.2,109.5,105.8,6
2004-01-27,MANJIMUP,premium_95,105.8,107.2,109.5,105.8,6
2004-01-28,MANJIMUP,premium_95,105.9,107.2,109.5,105.9,6
2004-01-29,MANJIMUP,premium_95,105.9,107.3,109.5,105.9,6
2004-01-30,MANJIMUP,premium_95,105.9,107.3,109.5,105.9,6
2004-01-31,MANJIMUP,premium_95,105.9,107.3,109.5,105.9,6
2004-02-01,MANJIMUP,premium_95,105.9,107.3,109.5,105.9,6
2004-02-02,MANJIMUP,premium_95,105.9,107.3,109.5,105.9,6
2004-02-03,MANJIMUP,premium_95,105.0,107.1,109.5,105.0,6
2004-02-04,MANJIMUP,premium_95,105.0,106.6,108.9,105.0,6
2004-02-05,MANJIMUP,premium_95,105.0,106.7,108.9,105.0,6
2004-02-06,MANJIMUP,premium_95,104.0,106.5,108.9,104.0,6
2004-02-07,MANJIMUP,premium_95,103.9,105.8,106.9,103.9,6
2004-02-08,MANJIMUP,premium_95,103.9,105.8,106.9,103.9,6
2004-02-09,MANJIMUP,premium_95,103.9,105.8,106.9,103.9,6
2004-02-10,MANJIMUP,premium_95,103.9,105.9,106.9,103.9,6
2004-02-11,MANJIMUP,premium_95,103.9,105.9,106.9,103.9,6
2004-02-12,MANJIMUP,premium_95,103.9,105.9,106.9,103.9,6
2004-02-13,MANJIMUP,premium_95,103.9,105.6,107.0,103.9,6
2004-02-14,MANJIMUP,premium_95,102.0,104.5,106.9,102.0,6
2004-02-15,MANJIMUP,premium_95,101.9,104.2,106.9,101.9,6
2004-02-16,MANJIMUP,premium_95,101.9,104.2,106.9,101.9,6
2004-02-17,MANJIMUP,premium_95,101.0,104.0,106.8,101.0,6
2004-02-18,MANJIMUP,premium_95,101.0,104.0,106.8,101.0,6
2004-02-19,MANJIMUP,premium_95,101.0,103.7,104.9,101.0,6
2004-02-20,MANJIMUP,premium_95,100.9,103.5,104.9,100.9,6
2004-02-21,MANJIMUP,premium_95,100.9,103.5,104.9,100.9,6
2004-02-22,MANJIMUP,premium_95,100.9,103.5,104.9,100.9,6
2004-02-23,MANJIMUP,premium_95,100.9,103.5,104.9,100.9,6
2004-02-24,MANJIMUP,premium_95,100.9,103.4,104.9,100.9,6
2004-02-25,MANJIMUP,premium_95,100.9,103.4,104.9,100.9,6
2004-02-26,MANJIMUP,premium_95,100.9,103.6,105.9,100.9,6
2004-02-27,MANJIMUP,premium_95,100.9,103.6,105.9,100.9,6
2004-02-28,MANJIMUP,premium_95,101.3,104.2,106.5,101.3,6
2004-02-29,MANJIMUP,premium_95,101.3,104.2,106.5,101.3,6
2005-01-01,MANJIMUP,premium_95,107.9,111.1,115.0,107.9,6
2005-01-02,MANJIMUP,premium_95,107.9,111.1,115.0,107.9,6
2005-01-03,MANJIMUP,premium_95,107.9,111.1,115.0,107.9,6
2005-01-04,MANJIMUP,premium_95,107.9,111.1,115.0,107.9,6
2005-01-05,MANJIMUP,premium_95,107.9,111.1,115.0,107.9,6
2005-01-06,MANJIMUP,premium_95,107.9,111.1,115.0,107.9,6
2005-01-07,MANJIMUP,premium_95,107.0,110.6,115.0,107.0,6
2005-01-08,MANJIMUP,premium_95,107.0,110.3,115.0,107.0,6
2005-01-09,MANJIMUP,premium_95,106.9,110.1,115.0,106.9,6
2005-01-10,MANJIMUP,premium_95,106.9,110.1,115.0,106.9,6
2005-01-11,MANJIMUP,premium_95,106.9,110.1,115.0,106.9,6
2005-01-12,MANJIMUP,premium_95,106.9,110.1,115.0,106.9,6
2005-01-13,MANJIMUP,premium_95,106.9,109.9,115.0,106.9,6
2005-01-14,MANJIMUP,premium_95,106.9,109.9,115.0,106.9,6
2005-01-15,MANJIMUP,premium_95,106.9,110.1,115.0,106.9,6
2005-01-16,MANJIMUP,premium_95,106.9,110.3,115.0,106.9,6
2005-01-17,MANJIMUP,premium_95,107.9,110.4,115.0,107.9,6
2005-01-18,MANJIMUP,premium_95,107.9,110.4,115.0,107.9,6
2005-01-19,MANJIMUP,premium_95,107.9,110.8,115.0,107.9,6
2005-01-20,MANJIMUP,premium_95,107.9,110.8,115.0,107.9,6
2005-01-21,MANJIMUP,premium_95,107.9,111.1,115.0,107.9,6
2005-01-22,MANJIMUP,premium_95,107.9,111.1,115.0,107.9,6
2005-01-23,MANJIMUP,premium_95,107.9,111.1,115.0,107.9,6
2005-01-24,MANJIMUP,premium_95,107.9,110.4,114.0,107.9,6
2005-01-25,MANJIMUP,premium_95,107.9,110.6,114.0,107.9,6
2005-01-26,MANJIMUP,premium_95,108.9,110.8,114.0,108.9,6
2005-01-27,MANJIMUP,premium_95,109.0,111.1,114.0,109.0,6
2005-01-28,MANJIMUP,premium_95,109.0,111.1,114.0,109.0,6
2005-01-29,MANJIMUP,premium_95,109.0,111.9,114.0,109.0,6
2005-01-30,MANJIMUP,premium_95,109.0,111.9,114.0,109.0,6
2005-01-31,MANJIMUP,premium_95,109.0,111.9,114.0,109.0,6
2005-02-01,MANJIMUP,premium_95,109.0,112.1,115.0,109.0,6
2005-02-02,MANJIMUP,premium_95,110.0,112.2,115.0,110.0,6
2005-02-03,MANJIMUP,premium_95,110.0,112.2,115.0,110.0,6
2005-02-04,MANJIMUP,premium_95,110.0,112.2,115.0,110.0,6
2005-02-05,MANJIMUP,premium_95,110.0,112.9,115.0,110.0,6
2005-02-06,MANJIMUP,premium_95,110.0,112.9,115.0,110.0,6
2005-02-07,MANJIMUP,premium_95,110.0,112.9,115.0,110.0,6
2005-02-08,MANJIMUP,premium_95,110.0,112.9,115.0,110.0,6
2005-02-09,MANJIMUP,premium_95,110.0,112.9,115.0,110.0,6
2005-02-10,MANJIMUP,premium_95,110.0,112.9,115.0,110.0,6
2005-02-11,MANJIMUP,premium_95,110.0,112.9,115.0,110.0,6
2005-02-12,MANJIMUP,premium_95,110.0,112.9,115.0,110.0,6
2005-02-13,MANJIMUP,premium_95,110.0,112.9,115.0,110.0,6
2005-02-14,MANJIMUP,premium_95,110.0,112.9,115.0,110.0,6
2005-02-15,MANJIMUP,premium_95,110.0,112.9,115.0,110.0,6
2005-02-16,MANJIMUP,premium_95,110.0,112.9,115.0,110.0,6
2005-02-17,MANJIMUP,premium_95,110.0,112.9,115.0,110.0,6
2005-02-18,MANJIMUP,premium_95,110.7,113.1,115.0,110.7,6
2005-02-19,MANJIMUP,premium_95,110.7,113.1,115.0,110.7,6
2005-02-20,MANJIMUP,premium_95,110.7,113.1,115.0,110.7,6
2005-02-21,MANJIMUP,premium_95,110.7,113.1,115.0,110.7,6
2005-02-22,MANJIMUP,premium_95,110.7,113.2,115.0,110.7,6
2005-02-23,MANJIMUP,premium_95,110.9,113.6,115.0,110.9,6
2005-02-24,MANJIMUP,premium_95,112.9,114.4,118.0,112.9,6
2005-02-25,MANJIMUP,premium_95,112.9,114.8,118.0,112.9,6
2005-02-26,MANJIMUP,premium_95,112.9,114.9,118.0,112.9,6
2005-02-27,MANJIMUP,premium_95,112.9,114.9,118.0,112.9,6
2005-02-28,MANJIMUP,premium_95,112.9,114.9,118.0,112.9,6
2006-01-01,MANJIMUP,premium_95,126.7,128.3,130.9,126.7,5
2006-01-02,MANJIMUP,premium_95,126.7,128.3,130.9,126.7,5
2006-01-03,MANJIMUP,premium_95,126.7,128.3,130.9,126.7,5
2006-01-04,MANJIMUP,premium_95,126.7,128.3,130.9,126.7,5
2006-01-05,MANJIMUP,premium_95,126.7,128.5,130.9,126.7,5
2006-01-06,MANJIMUP,premium_95,126.7,129.1,130.9,126.7,5
2006-01-07,MANJIMUP,premium_95,126.9,129.5,132.9,126.9,5
2006-01-08,MANJIMUP,premium_95,126.9,129.5,132.9,126.9,5
2006-01-09,MANJIMUP,premium_95,126.9,129.7,132.9,126.9,5
2006-01-10,MANJIMUP,premium_95,126.9,129.7,132.9,126.9,5
2006-01-11,MANJIMUP,premium_95,126.9,129.9,132.9,126.9,5
2006-01-12,MANJIMUP,premium_95,126.9,130.5,132.9,126.9,5
2006-01-13,MANJIMUP,premium_95,129.9,131.1,132.9,129.9,5
2006-01-14,MANJIMUP,premium_95,129.9,131.1,132.9,129.9,5
2006-01-15,MANJIMUP,premium_95,129.9,131.3,132.9,129.9,5
2006-01-16,MANJIMUP,premium_95,129.9,131.3,132.9,129.9,5
2006-01-17,MANJIMUP,premium_95,129.9,132.1,133.9,129.9,5
2006-01-18,MANJIMUP,premium_95,129.9,132.1,133.9,129.9,5
2006-01-19,MANJIMUP,premium_95,129.9,132.1,133.9,129.9,5
2006-01-20,MANJIMUP,premium_95,129.9,132.3,133.9,129.9,5
2006-01-21,MANJIMUP,premium_95,129.9,132.7,133.9,129.9,5
2006-01-22,MANJIMUP,premium_95,129.9,132.7,133.9,129.9,5
2006-01-23,MANJIMUP,premium_95,131.9,133.1,133.9,131.9,5
2006-01-24,MANJIMUP,premium_95,131.9,133.1,133.9,131.9,5
2006-01-25,MANJIMUP,premium_95,131.9,133.3,134.8,131.9,5
2006-01-26,MANJIMUP,premium_95,131.9,133.7,135.9,131.9,5
2006-01-27,MANJIMUP,premium_95,131.9,133.7,135.9,131.9,5
2006-01-28,MANJIMUP,premium_95,131.9,133.7,135.9,131.9,5
2006-01-29,MANJIMUP,premium_95,131.9,133.7,135.9,131.9,5
2006-01-30,MANJIMUP,premium_95,131.9,133.7,135.9,131.9,5
2006-01-31,MANJIMUP,premium_95,131.9,133.9,135.9,131.9,5
2006-02-01,MANJIMUP,premium_95,132.9,134.5,135.9,132.9,5
2006-02-02,MANJIMUP,premium_95,132.9,134.5,135.9,132.9,5
2006-02-03,MANJIMUP,premium_95,132.9,134.5,135.9,132.9,5
2006-02-04,MANJIMUP,premium_95,132.9,134.7,135.9,132.9,5
2006-02-05,MANJIMUP,premium_95,132.9,134.7,135.9,132.9,5
2006-02-06,MANJIMUP,premium_95,132.9,134.7,135.9,132.9,5
2006-02-07,MANJIMUP,premium_95,132.9,134.7,135.9,132.9,5
2006-02-08,MANJIMUP,premium_95,132.9,134.7,135.9,132.9,5
2006-02-09,MANJIMUP,premium_95,132.9,134.7,135.9,132.9,5
2006-02-10,MANJIMUP,premium_95,132.9,134.7,135.9,132.9,5
2006-02-11,MANJIMUP,premium_95,132.9,134.7,135.9,132.9,5
2006-02-12,MANJIMUP,premium_95,132.9,134.7,135.9,132.9,5
2006-02-13,MANJIMUP,premium_95,132.9,134.7,135.9,132.9,5
2006-02-14,MANJIMUP,premium_95,132.9,134.7,135.9,132.9,5
2006-02-15,MANJIMUP,premium_95,132.9,134.7,135.9,132.9,5
2006-02-16,MANJIMUP,premium_95,132.9,134.7,135.9,132.9,5
2006-02-17,MANJIMUP,premium_95,132.9,134.7,135.9,132.9,5
2006-02-18,MANJIMUP,premium_95,132.9,134.7,135.9,132.9,5
2006-02-19,MANJIMUP,premium_95,132.9,134.7,135.9,132.9,5
2006-02-20,MANJIMUP,premium_95,132.9,134.7,135.9,132.9,5
2006-02-21,MANJIMUP,premium_95,132.9,134.7,135.9,132.9,5
2006-02-22,MANJIMUP,premium_95,132.9,134.7,135.9,132.9,5
2006-02-23,MANJIMUP,premium_95,132.9,134.7,135.9,132.9,5
2006-02-24,MANJIMUP,premium_95,132.9,134.7,135.9,132.9,5
2006-02-25,MANJIMUP,premium_95,132.9,134.7,135.9,132.9,5
2006-02-26,MANJIMUP,premium_95,132.9,134.7,135.9,132.9,5
2006-02-27,MANJIMUP,premium_95,132.9,134.7,135.9,132.9,5
2006-02-28,MANJIMUP,premium_95,132.9,134.7,135.9,132.9,5
2007-01-01,MANJIMUP,premium_95,129.0,132.6,134.9,129.0,4
2007-01-02,MANJIMUP,premium_95,129.0,132.6,134.9,129.0,4
2007-01-03,MANJIMUP,premium_95,129.0,132.9,134.9,129.0,4
2007-01-04,MANJIMUP,premium_95,129.0,132.9,134.9,129.0,4
2007-01-05,MANJIMUP,premium_95,129.0,132.9,134.9,129.0,4
2007-01-06,MANJIMUP,premium_95,129.0,132.9,134.9,129.0,4
2007-01-07,MANJIMUP,premium_95,129.0,132.9,134.9,129.0,4
2007-01-08,MANJIMUP,premium_95,129.0,132.9,134.9,129.0,4
2007-01-09,MANJIMUP,premium_95,129.0,132.9,134.9,129.0,4
2007-01-10,MANJIMUP,premium_95,129.0,132.9,134.9,129.0,4
2007-01-11,MANJIMUP,premium_95,129.0,132.4,134.9,129.0,4
2007-01-12,MANJIMUP,premium_95,129.0,131.6,132.9,129.0,4
2007-01-13,MANJIMUP,premium_95,129.0,131.2,132.9,129.0,4
2007-01-14,MANJIMUP,premium_95,129.0,131.2,132.9,129.0,4
2007-01-15,MANJIMUP,premium_95,129.0,131.2,132.9,129.0,4
2007-01-16,MANJIMUP,premium_95,129.0,130.9,131.9,129.0,4
2007-01-17,MANJIMUP,premium_95,128.5,130.3,131.9,128.5,4
2007-01-18,MANJIMUP,premium_95,128.5,130.3,131.9,128.5,4
2007-01-19,MANJIMUP,premium_95,128.5,130.3,131.9,128.5,4
2007-01-20,MANJIMUP,premium_95,127.0,128.8,130.9,127.0,4
2007-01-21,MANJIMUP,premium_95,127.0,128.8,130.9,127.0,4
2007-01-22,MANJIMUP,premium_95,127.0,128.8,130.9,127.0,4
2007-01-23,MANJIMUP,premium_95,127.0,128.8,130.9,127.0,4
2007-01-24,MANJIMUP,premium_95,127.0,128.8,130.9,127.0,4
2007-01-25,MANJIMUP,premium_95,125.9,127.0,128.9,125.9,4
2007-01-26,MANJIMUP,premium_95,125.9,127.0,128.9,125.9,4
2007-01-27,MANJIMUP,premium_95,125.9,127.0,128.9,125.9,4
2007-01-28,MANJIMUP,premium_95,125.9,127.0,128.9,125.9,4
2007-01-29,MANJIMUP,premium_95,125.9,127.0,128.9,125.9,4
2007-01-30,MANJIMUP,premium_95,125.9,126.5,127.0,125.9,4
2007-01-31,MANJIMUP,premium_95,125.9,126.5,127.0,125.9,4
2007-02-01,MANJIMUP,premium_95,125.9,126.5,127.0,125.9,4
2007-02-02,MANJIMUP,premium_95,125.9,126.5,127.0,125.9,4
2007-02-03,MANJIMUP,premium_95,125.9,126.5,127.0,125.9,4
2007-02-04,MANJIMUP,premium_95,125.9,126.5,127.0,125.9,4
2007-02-05,MANJIMUP,premium_95,125.9,126.5,127.0,125.9,4
2007-02-06,MANJIMUP,premium_95,125.9,126.7,127.9,125.9,4
2007-02-07,MANJIMUP,premium_95,126.0,127.2,127.9,126.0,4
2007-02-08,MANJIMUP,premium_95,126.0,127.2,127.9,126.0,4
2007-02-09,MANJIMUP,premium_95,126.0,127.2,127.9,126.0,4
2007-02-10,MANJIMUP,premium_95,126.0,127.7,129.9,126.0,4
2007-02-11,MANJIMUP,premium_95,126.0,127.7,129.9,126.0,4
2007-02-12,MANJIMUP,premium_95,126.0,127.7,129.9,126.0,4
2007-02-13,MANJIMUP,premium_95,126.0,127.7,129.9,126.0,4
2007-02-14,MANJIMUP,premium_95,126.0,128.0,129.9,126.0,4
2007-02-15,MANJIMUP,premium_95,126.0,128.0,129.9,126.0,4
2007-02-16,MANJIMUP,premium_95,126.0,128.0,129.9,126.0,4
2007-02-17,MANJIMUP,premium_95,126.5,128.3,130.9,126.5,4
2007-02-18,MANJIMUP,premium_95,126.5,128.3,130.9,126.5,4
2007-02-19,MANJIMUP,premium_95,126.5,128.3,130.9,126.5,4
2007-02-20,MANJIMUP,premium_95,126.5,128.3,130.9,126.5,4
2007-02-21,MANJIMUP,premium_95,126.5,128.3,130.9,126.5,4
2007-02-22,MANJIMUP,premium_95,126.5,128.3,130.9,126.5,4
2007-02-23,MANJIMUP,premium_95,126.5,128.3,130.9,126.5,4
2007-02-24,MANJIMUP,premium_95,126.5,128.3,130.9,126.5,4
2007-02-25,MANJIMUP,premium_95,126.5,128.3,130.9,126.5,4
2007-02-26,MANJIMUP,premium_95,126.5,128.3,130.9,126.5,4
2007-02-27,MANJIMUP,premium_95,126.5,128.3,130.9,126.5,4
2007-02-28,MANJIMUP,premium_95,126.5,129.1,131.9,126.5,4
2008-01-01,MANJIMUP,premium_95,149.9,151.9,152.9,149.9,4
2008-01-02,MANJIMUP,premium_95,149.9,151.9,152.9,149.9,4
2008-01-03,MANJIMUP,premium_95,149.9,151.9,152.9,149.9,4
2008-01-04,MANJIMUP,premium_95,149.9,153.1,154.9,149.9,4
2008-01-05,MANJIMUP,premium_95,153.9,154.7,154.9,153.9,4
2008-01-06,MANJIMUP,premium_95,153.9,154.7,154.9,153.9,4
2008-01-07,MANJIMUP,premium_95,153.9,154.7,154.9,153.9,4
2008-01-08,MANJIMUP,premium_95,153.9,154.7,154.9,153.9,4
2008-01-09,MANJIMUP,premium_95,153.9,154.7,154.9,153.9,4
2008-01-10,MANJIMUP,premium_95,153.9,154.7,154.9,153.9,4
2008-01-11,MANJIMUP,premium_95,153.9,154.7,154.9,153.9,4
2008-01-12,MANJIMUP,premium_95,153.9,154.7,154.9,153.9,4
2008-01-13,MANJIMUP,premium_95,153.9,154.7,154.9,153.9,4
2008-01-14,MANJIMUP,premium_95,153.9,154.7,154.9,153.9,4
2008-01-15,MANJIMUP,premium_95,153.9,154.7,154.9,153.9,4
2008-01-16,MANJIMUP,premium_95,153.9,154.7,154.9,153.9,4
2008-01-17,MANJIMUP,premium_95,153.9,154.7,154.9,153.9,4
2008-01-18,MANJIMUP,premium_95,153.9,154.7,154.9,153.9,4
2008-01-19,MANJIMUP,premium_95,153.9,154.7,154.9,153.9,4
2008-01-20,MANJIMUP,premium_95,153.9,154.7,154.9,153.9,4
2008-01-21,MANJIMUP,premium_95,153.9,154.7,154.9,153.9,4
2008-01-22,MANJIMUP,premium_95,153.9,154.7,154.9,153.9,4
2008-01-23,MANJIMUP,premium_95,153.9,154.7,154.9,153.9,4
2008-01-24,MANJIMUP,premium_95,153.9,154.7,154.9,153.9,4
2008-01-25,MANJIMUP,premium_95,149.9,153.2,154.9,149.9,4
2008-01-26,MANJIMUP,premium_95,149.9,152.7,154.9,149.9,4
2008-01-27,MANJIMUP,premium_95,149.9,152.1,152.9,149.9,4
2008-01-28,MANJIMUP,premium_95,149.9,152.1,152.9,149.9,4
2008-01-29,MANJIMUP,premium_95,149.9,152.1,152.9,149.9,4
2008-01-30,MANJIMUP,premium_95,149.9,152.1,152.9,149.9,4
2008-01-31,MANJIMUP,premium_95,149.9,152.1,152.9,149.9,4
2008-02-01,MANJIMUP,premium_95,149.9,152.1,152.9,149.9,4
2008-02-02,MANJIMUP,premium_95,149.9,152.1,152.9,149.9,4
2008-02-03,MANJIMUP,premium_95,149.9,151.8,152.9,149.9,4
2008-02-04,MANJIMUP,premium_95,149.9,151.8,152.9,149.9,4
2008-02-05,MANJIMUP,premium_95,149.9,151.8,152.9,149.9,4
2008-02-06,MANJIMUP,premium_95,149.9,151.8,152.9,149.9,4
2008-02-07,MANJIMUP,premium_95,149.9,151.8,152.9,149.9,4
2008-02-08,MANJIMUP,premium_95,149.9,151.1,151.9,149.9,4
2008-02-09,MANJIMUP,premium_95,149.9,151.1,151.9,149.9,4
2008-02-10,MANJIMUP,premium_95,149.9,151.1,151.9,149.9,4
2008-02-11,MANJIMUP,premium_95,149.9,151.1,151.9,149.9,4
2008-02-12,MANJIMUP,premium_95,149.9,151.1,151.9,149.9,4
2008-02-13,MANJIMUP,premium_95,149.9,151.1,151.9,149.9,4
2008-02-14,MANJIMUP,premium_95,149.9,151.1,151.9,149.9,4
2008-02-15,MANJIMUP,premium_95,149.9,151.1,151.9,149.9,4
2008-02-16,MANJIMUP,premium_95,149.9,151.1,151.9,149.9,4
2008-02-17,MANJIMUP,premium_95,149.9,151.1,151.9,149.9,4
2008-02-18,MANJIMUP,premium_95,149.9,151.1,151.9,149.9,4
2008-02-19,MANJIMUP,premium_95,149.9,151.1,151.9,149.9,4
2008-02-20,MANJIMUP,premium_95,149.9,151.1,151.9,149.9,4
2008-02-21,MANJIMUP,premium_95,149.9,151.1,151.9,149.9,4
2008-02-22,MANJIMUP,premium_95,149.9,151.1,151.9,149.9,4
2008-02-23,MANJIMUP,premium_95,149.9,151.1,151.9,149.9,4
2008-02-24,MANJIMUP,premium_95,149.9,151.1,151.9,149.9,4
2008-02-25,MANJIMUP,premium_95,149.9,151.3,152.9,149.9,4
2008-02-26,MANJIMUP,premium_95,149.9,151.8,152.9,149.9,4
2008-02-27,MANJIMUP,premium_95,149.9,152.2,153.1,149.9,4
2008-02-28,MANJIMUP,premium_95,149.9,152.2,153.1,149.9,4
2008-02-29,MANJIMUP,premium_95,149.9,152.4,153.9,149.9,4
2009-01-01,MANJIMUP,premium_95,120.5,122.1,124.9,120.5,4
2009-01-02,MANJIMUP,premium_95,120.5,122.1,124.9,120.5,4
2009-01-03,MANJIMUP,premium_95,120.5,122.1,124.9,120.5,4
2009-01-04,MANJIMUP,premium_95,120.5,122.1,124.9,120.5,4
2009-01-05,MANJIMUP,premium_95,120.5,122.1,124.9,120.5,4
2009-01-06,MANJIMUP,premium_95,120.5,122.1,124.9,120.5,4
2009-01-07,MANJIMUP,premium_95,120.5,122.1,124.9,120.5,4
2009-01-08,MANJIMUP,premium_95,120.5,122.1,124.9,120.5,4
2009-01-09,MANJIMUP,premium_95,120.5,122.1,124.9,120.5,4
2009-01-10,MANJIMUP,premium_95,120.5,122.3,124.9,120.5,4
2009-01-11,MANJIMUP,premium_95,120.5,122.3,124.9,120.5,4
2009-01-12,MANJIMUP,premium_95,120.5,122.3,124.9,120.5,4
2009-01-13,MANJIMUP,premium_95,120.5,122.3,124.9,120.5,4
2009-01-14,MANJIMUP,premium_95,120.5,122.3,124.9,120.5,4
2009-01-15,MANJIMUP,premium_95,120.5,122.3,124.9,120.5,4
2009-01-16,MANJIMUP,premium_95,120.5,123.1,126.0,120.5,4
2009-01-17,MANJIMUP,premium_95,120.5,123.1,126.0,120.5,4
2009-01-18,MANJIMUP,premium_95,120.5,123.1,126.0,120.5,4
2009-01-19,MANJIMUP,premium_95,120.5,124.1,126.0,120.5,4
2009-01-20,MANJIMUP,premium_95,120.5,124.1,126.0,120.5,4
2009-01-21,MANJIMUP,premium_95,120.5,125.8,129.9,120.5,4
2009-01-22,MANJIMUP,premium_95,120.5,125.8,129.9,120.5,4
2009-01-23,MANJIMUP,premium_95,124.9,127.8,130.0,124.9,4
2009-01-24,MANJIMUP,premium_95,124.9,128.3,132.0,124.9,4
2009-01-25,MANJIMUP,premium_95,124.9,128.3,132.0,124.9,4
2009-01-26,MANJIMUP,premium_95,124.9,128.3,132.0,124.9,4
2009-01-27,MANJIMUP,premium_95,124.9,128.3,132.0,124.9,4
2009-01-28,MANJIMUP,premium_95,124.9,130.1,135.9,124.9,4
2009-01-29,MANJIMUP,premium_95,124.9,132.8,135.9,124.9,4
2009-01-30,MANJIMUP,premium_95,124.9,133.6,138.9,124.9,4
2009-01-31,MANJIMUP,premium_95,124.9,133.8,138.9,124.9,4
2009-02-01,MANJIMUP,premium_95,124.9,133.8,138.9,124.9,4
2009-02-02,MANJIMUP,premium_95,131.9,136.3,141.9,131.9,4
2009-02-03,MANJIMUP,premium_95,131.9,136.6,141.9,131.9,4
2009-02-04,MANJIMUP,premium_95,131.9,136.9,141.9,131.9,4
2009-02-05,MANJIMUP,premium_95,131.9,137.1,141.9,131.9,4
2009-02-06,MANJIMUP,premium_95,131.9,137.9,144.9,131.9,4
2009-02-07,MANJIMUP,premium_95,131.9,137.9,144.9,131.9,4
2009-02-08,MANJIMUP,premium_95,131.9,137.9,144.9,131.9,4
2009-02-09,MANJIMUP,premium_95,131.9,137.9,144.9,131.9,4
2009-02-10,MANJIMUP,premium_95,131.9,138.1,144.9,131.9,4
2009-02-11,MANJIMUP,premium_95,131.9,138.4,144.9,131.9,4
2009-02-12,MANJIMUP,premium_95,131.9,138.6,145.9,131.9,4
2009-02-13,MANJIMUP,premium_95,131.9,138.6,145.9,131.9,4
2009-02-14,MANJIMUP,premium_95,131.9,138.6,145.9,131.9,4
2009-02-15,MANJIMUP,premium_95,131.9,138.6,145.9,131.9,4
2009-02-16,MANJIMUP,premium_95,131.9,138.6,145.9,131.9,4
2009-02-17,MANJIMUP,premium_95,131.9,138.6,145.9,131.9,4
2009-02-18,MANJIMUP,premium_95,136.7,141.4,145.9,136.7,4
2009-02-19,MANJIMUP,premium_95,136.7,141.4,145.9,136.7,4
2009-02-20,MANJIMUP,premium_95,136.7,141.4,145.9,136.7,4
2009-02-21,MANJIMUP,premium_95,136.7,141.4,145.9,136.7,4
2009-02-22,MANJIMUP,premium_95,136.7,141.4,145.9,136.7,4
2009-02-23,MANJIMUP,premium_95,136.7,141.4,145.9,136.7,4
2009-02-24,MANJIMUP,premium_95,136.7,141.4,145.9,136.7,4
2009-02-25,MANJIMUP,premium_95,141.0,142.9,145.9,141.0,4
2009-02-26,MANJIMUP,premium_95,141.0,142.9,145.9,141.0,4
2009-02-27,MANJIMUP,premium_95,141.0,142.9,145.9,141.0,4
2009-02-28,MANJIMUP,premium_95,139.9,141.2,142.8,139.9,4
2010-01-01,MANJIMUP,premium_95,134.2,137.8,142.0,134.2,4
2010-01-02,MANJIMUP,premium_95,134.2,137.8,142.0,134.2,4
2010-01-03,MANJIMUP,premium_95,134.2,137.8,142.0,134.2,4
2010-01-04,MANJIMUP,premium_95,134.2,137.8,142.0,134.2,4
2010-01-05,MANJIMUP,premium_95,134.2,138.2,142.0,134.2,4
2010-01-06,MANJIMUP,premium_95,134.2,138.2,142.0,134.2,4
2010-01-07,MANJIMUP,premium_95,134.2,138.2,142.0,134.2,4
2010-01-08,MANJIMUP,premium_95,134.2,138.2,142.0,134.2,4
2010-01-09,MANJIMUP,premium_95,134.2,138.2,142.0,134.2,4
2010-01-10,MANJIMUP,premium_95,134.2,138.2,142.0,134.2,4
2010-01-11,MANJIMUP,premium_95,134.2,138.5,142.0,134.2,4
2010-01-12,MANJIMUP,premium_95,134.2,138.8,143.0,134.2,4
2010-01-13,MANJIMUP,premium_95,134.2,138.8,143.0,134.2,4
2010-01-14,MANJIMUP,premium_95,134.2,139.0,144.0,134.2,4
2010-01-15,MANJIMUP,premium_95,134.2,139.0,144.0,134.2,4
2010-01-16,MANJIMUP,premium_95,134.2,139.0,144.0,134.2,4
2010-01-17,MANJIMUP,premium_95,134.2,139.0,144.0,134.2,4
2010-01-18,MANJIMUP,premium_95,134.2,139.0,144.0,134.2,4
2010-01-19,MANJIMUP,premium_95,134.2,139.2,144.0,134.2,4
2010-01-20,MANJIMUP,premium_95,134.2,139.2,144.0,134.2,4
2010-01-21,MANJIMUP,premium_95,134.2,139.2,144.0,134.2,4
2010-01-22,MANJIMUP,premium_95,134.2,139.2,144.0,134.2,4
2010-01-23,MANJIMUP,premium_95,134.2,139.0,144.0,134.2,4
2010-01-24,MANJIMUP,premium_95,134.2,139.0,144.0,134.2,4
2010-01-25,MANJIMUP,premium_95,134.2,139.0,144.0,134.2,4
2010-01-26,MANJIMUP,premium_95,134.2,139.0,144.0,134.2,4
2010-01-27,MANJIMUP,premium_95,134.2,139.0,144.0,134.2,4
2010-01-28,MANJIMUP,premium_95,134.2,139.0,144.0,134.2,4
2010-01-29,MANJIMUP,premium_95,134.2,139.0,144.0,134.2,4
2010-01-30,MANJIMUP,premium_95,134.2,139.0,144.0,134.2,4
2010-01-31,MANJIMUP,premium_95,134.2,139.0,144.0,134.2,4
2010-02-01,MANJIMUP,premium_95,134.2,139.0,144.0,134.2,4
2010-02-02,MANJIMUP,premium_95,134.2,139.0,144.0,134.2,4
2010-02-03,MANJIMUP,premium_95,134.2,139.0,144.0,134.2,4
2010-02-04,MANJIMUP,premium_95,134.2,139.0,144.0,134.2,4
2010-02-05,MANJIMUP,premium_95,134.2,139.0,144.0,134.2,4
2010-02-06,MANJIMUP,premium_95,134.2,139.0,144.0,134.2,4
2010-02-07,MANJIMUP,premium_95,134.2,139.0,144.0,134.2,4
2010-02-08,MANJIMUP,premium_95,134.2,139.0,144.0,134.2,4
2010-02-09,MANJIMUP,premium_95,134.2,139.0,144.0,134.2,4
2010-02-10,MANJIMUP,premium_95,134.2,139.0,144.0,134.2,4
2010-02-11,MANJIMUP,premium_95,134.2,139.2,144.0,134.2,4
2010-02-12,MANJIMUP,premium_95,134.2,139.2,144.0,134.2,4
2010-02-13,MANJIMUP,premium_95,134.2,139.2,144.0,134.2,4
2010-02-14,MANJIMUP,premium_95,134.2,139.2,144.0,134.2,4
2010-02-15,MANJIMUP,premium_95,134.2,139.2,144.0,134.2,4
2010-02-16,MANJIMUP,premium_95,134.2,139.2,144.0,134.2,4
2010-02-17,MANJIMUP,premium_95,134.2,139.2,144.0,134.2,4
2010-02-18,MANJIMUP,premium_95,134.2,139.2,144.0,134.2,4
2010-02-19,MANJIMUP,premium_95,134.2,139.2,144.0,134.2,4
2010-02-20,MANJIMUP,premium_95,134.2,139.2,144.0,134.2,4
2010-02-21,MANJIMUP,premium_95,134.2,139.2,144.0,134.2,4
2010-02-22,MANJIMUP,premium_95,134.2,139.2,144.0,134.2,4
2010-02-23,MANJIMUP,premium_95,134.2,139.2,144.0,134.2,4
2010-02-24,MANJIMUP,premium_95,134.2,139.2,144.0,134.2,4
2010-02-25,MANJIMUP,premium_95,134.2,139.2,144.0,134.2,4
2010-02-26,MANJIMUP,premium_95,134.2,139.2,144.0,134.2,4
2010-02-27,MANJIMUP,premium_95,134.2,139.2,144.0,134.2,4
2010-02-28,MANJIMUP,premium_95,134.2,139.2,144.0,134.2,4
2011-01-01,MANJIMUP,premium_95,147.9,149.4,151.0,147.9,2
2011-01-02,MANJIMUP,premium_95,147.9,149.4,151.0,147.9,2
2011-01-03,MANJIMUP,premium_95,147.9,149.4,151.0,147.9,2
2011-01-04,MANJIMUP,premium_95,149.9,150.4,151.0,149.9,2
2011-01-05,MANJIMUP,premium_95,149.9,150.4,151.0,149.9,2
2011-01-06,MANJIMUP,premium_95,149.9,150.4,151.0,149.9,2
2011-01-07,MANJIMUP,premium_95,149.9,150.4,151.0,149.9,2
2011-01-08,MANJIMUP,premium_95,149.9,150.4,151.0,149.9,2
2011-01-09,MANJIMUP,premium_95,149.9,150.4,151.0,149.9,2
2011-01-10,MANJIMUP,premium_95,149.9,150.4,151.0,149.9,2
2011-01-11,MANJIMUP,premium_95,149.9,150.4,151.0,149.9,2
2011-01-12,MANJIMUP,premium_95,149.9,150.4,151.0,149.9,2
2011-01-13,MANJIMUP,premium_95,149.9,150.4,151.0,149.9,2
2011-01-14,MANJIMUP,premium_95,149.9,150.4,151.0,149.9,2
2011-01-15,MANJIMUP,premium_95,149.9,150.9,152.0,149.9,2
2011-01-16,MANJIMUP,premium_95,149.9,150.9,152.0,149.9,2
2011-01-17,MANJIMUP,premium_95,149.9,150.9,152.0,149.9,2
2011-01-18,MANJIMUP,premium_95,150.9,151.4,152.0,150.9,2
2011-01-19,MANJIMUP,premium_95,150.9,151.4,152.0,150.9,2
2011-01-20,MANJIMUP,premium_95,150.9,151.4,152.0,150.9,2
2011-01-21,MANJIMUP,premium_95,150.9,151.9,153.0,150.9,2
2011-01-22,MANJIMUP,premium_95,152.9,152.9,153.0,152.9,2
2011-01-23,MANJIMUP,premium_95,152.9,152.9,153.0,152.9,2
2011-01-24,MANJIMUP,premium_95,152.9,152.9,153.0,152.9,2
2011-01-25,MANJIMUP,premium_95,152.9,152.9,153.0,152.9,2
2011-01-26,MANJIMUP,premium_95,152.9,152.9,153.0,152.9,2
2011-01-27,MANJIMUP,premium_95,152.9,152.9,153.0,152.9,2
2011-01-28,MANJIMUP,premium_95,152.9,152.9,153.0,152.9,2
2011-01-29,MANJIMUP,premium_95,152.9,153.4,154.0,152.9,2
2011-01-30,MANJIMUP,premium_95,152.9,153.4,154.0,152.9,2
2011-01-31,MANJIMUP,premium_95,152.9,153.4,154.0,152.9,2
2011-02-01,MANJIMUP,premium_95,152.9,153.4,154.0,152.9,2
2011-02-02,MANJIMUP,premium_95,152.9,153.4,154.0,152.9,2
2011-02-03,MANJIMUP,premium_95,152.9,153.4,154.0,152.9,2
2011-02-04,MANJIMUP,premium_95,152.9,153.4,154.0,152.9,2
2011-02-05,MANJIMUP,premium_95,152.9,153.4,154.0,152.9,2
2011-02-06,MANJIMUP,premium_95,152.9,153.4,154.0,152.9,2
2011-02-07,MANJIMUP,premium_95,152.9,153.4,154.0,152.9,2
2011-02-08,MANJIMUP,premium_95,152.9,153.4,154.0,152.9,2
2011-02-09,MANJIMUP,premium_95,152.9,153.4,154.0,152.9,2
2011-02-10,MANJIMUP,premium_95,152.9,153.4,154.0,152.9,2
2011-02-11,MANJIMUP,premium_95,152.9,153.4,154.0,152.9,2
2011-02-12,MANJIMUP,premium_95,152.9,153.4,154.0,152.9,2
2011-02-13,MANJIMUP,premium_95,152.9,153.4,154.0,152.9,2
2011-02-14,MANJIMUP,premium_95,152.9,153.4,154.0,152.9,2
2011-02-15,MANJIMUP,premium_95,152.9,153.4,154.0,152.9,2
2011-02-16,MANJIMUP,premium_95,152.9,153.4,154.0,152.9,2
2011-02-17,MANJIMUP,premium_95,152.9,153.4,154.0,152.9,2
2011-02-18,MANJIMUP,premium_95,152.9,153.4,154.0,152.9,2
2011-02-19,MANJIMUP,premium_95,152.9,153.4,154.0,152.9,2
2011-02-20,MANJIMUP,premium_95,152.9,153.4,154.0,152.9,2
2011-02-21,MANJIMUP,premium_95,152.9,153.4,154.0,152.9,2
2011-02-22,MANJIMUP,premium_95,152.9,153.9,155.0,152.9,2
2011-02-23,MANJIMUP,premium_95,152.9,153.9,155.0,152.9,2
2011-02-24,MANJIMUP,premium_95,152.9,153.9,155.0,152.9,2
2011-02-25,MANJIMUP,premium_95,153.9,154.4,155.0,153.9,2
2011-02-26,MANJIMUP,premium_95,153.9,154.4,155.0,153.9,2
2011-02-27,MANJIMUP,premium_95,153.9,154.4,155.0,153.9,2
2011-02-28,MANJIMUP,premium_95,153.9,154.9,156.0,153.9,2
2012-01-01,MANJIMUP,premium_95,160.0,160.6,161.2,160.0,2
2012-01-02,MANJIMUP,premium_95,160.0,160.6,161.2,160.0,2
2012-01-03,MANJIMUP,premium_95,160.0,161.1,162.2,160.0,2
2012-01-04,MANJIMUP,premium_95,160.0,161.1,162.2,160.0,2
2012-01-05,MANJIMUP,premium_95,160.0,161.1,162.2,160.0,2
2012-01-06,MANJIMUP,premium_95,160.0,161.1,162.2,160.0,2
2012-01-07,MANJIMUP,premium_95,160.0,161.1,162.2,160.0,2
2012-01-08,MANJIMUP,premium_95,160.0,161.1,162.2,160.0,2
2012-01-09,MANJIMUP,premium_95,160.0,161.1,162.2,160.0,2
2012-01-10,MANJIMUP,premium_95,160.0,161.8,163.5,160.0,2
2012-01-11,MANJIMUP,premium_95,160.0,161.8,163.5,160.0,2
2012-01-12,MANJIMUP,premium_95,160.0,161.8,163.5,160.0,2
2012-01-13,MANJIMUP,premium_95,160.0,161.6,163.2,160.0,2
2012-01-14,MANJIMUP,premium_95,160.9,162.1,163.2,160.9,2
2012-01-15,MANJIMUP,premium_95,160.9,162.1,163.2,160.9,2
2012-01-16,MANJIMUP,premium_95,160.9,162.1,163.2,160.9,2
2012-01-17,MANJIMUP,premium_95,162.9,163.1,163.2,162.9,2
2012-01-18,MANJIMUP,premium_95,162.9,163.1,163.2,162.9,2
2012-01-19,MANJIMUP,premium_95,162.9,163.1,163.2,162.9,2
2012-01-20,MANJIMUP,premium_95,162.9,163.4,163.9,162.9,2
2012-01-21,MANJIMUP,premium_95,162.9,163.4,163.9,162.9,2
2012-01-22,MANJIMUP,premium_95,162.9,163.4,163.9,162.9,2
2012-01-23,MANJIMUP,premium_95,162.9,163.4,163.9,162.9,2
2012-01-24,MANJIMUP,premium_95,162.9,163.4,163.9,162.9,2
2012-01-25,MANJIMUP,premium_95,162.9,163.4,163.9,162.9,2
2012-01-26,MANJIMUP,premium_95,162.9,163.4,163.9,162.9,2
2012-01-27,MANJIMUP,premium_95,162.9,163.4,163.9,162.9,2
2012-01-28,MANJIMUP,premium_95,162.9,163.4,163.9,162.9,2
2012-01-29,MANJIMUP,premium_95,162.9,163.4,163.9,162.9,2
2012-01-30,MANJIMUP,premium_95,162.9,163.4,163.9,162.9,2
2012-01-31,MANJIMUP,premium_95,162.9,163.4,163.9,162.9,2
2012-02-01,MANJIMUP,premium_95,162.9,163.4,163.9,162.9,2
2012-02-02,MANJIMUP,premium_95,162.9,163.4,163.9,162.9,2
2012-02-03,MANJIMUP,premium_95,162.9,163.4,163.9,162.9,2
2012-02-04,MANJIMUP,premium_95,162.9,163.4,163.9,162.9,2
2012-02-05,MANJIMUP,premium_95,162.9,163.4,163.9,162.9,2
2012-02-06,MANJIMUP,premium_95,162.9,163.4,163.9,162.9,2
2012-02-07,MANJIMUP,premium_95,162.9,163.4,163.9,162.9,2
2012-02-08,MANJIMUP,premium_95,162.9,163.4,163.9,162.9,2
2012-02-09,MANJIMUP,premium_95,162.9,163.4,163.9,162.9,2
2012-02-10,MANJIMUP,premium_95,162.9,163.1,163.2,162.9,2
2012-02-11,MANJIMUP,premium_95,162.9,163.1,163.2,162.9,2
2012-02-12,MANJIMUP,premium_95,162.9,163.1,163.2,162.9,2
2012-02-13,MANJIMUP,premium_95,162.9,163.1,163.2,162.9,2
2012-02-14,MANJIMUP,premium_95,162.9,163.1,163.2,162.9,2
2012-02-15,MANJIMUP,premium_95,163.2,163.6,163.9,163.2,2
2012-02-16,MANJIMUP,premium_95,163.2,163.6,163.9,163.2,2
2012-02-17,MANJIMUP,premium_95,163.2,163.6,163.9,163.2,2
2012-02-18,MANJIMUP,premium_95,163.2,163.6,163.9,163.2,2
2012-02-19,MANJIMUP,premium_95,163.9,163.9,163.9,163.9,2
2012-02-20,MANJIMUP,premium_95,163.9,163.9,163.9,163.9,2
2012-02-21,MANJIMUP,premium_95,163.9,164.4,164.9,163.9,2
2012-02-22,MANJIMUP,premium_95,163.9,164.4,164.9,163.9,2
2012-02-23,MANJIMUP,premium_95,163.9,164.4,164.9,163.9,2
2012-02-24,MANJIMUP,premium_95,163.9,164.9,165.8,163.9,2
2012-02-25,MANJIMUP,premium_95,163.9,164.9,165.8,163.9,2
2012-02-26,MANJIMUP,premium_95,163.9,164.9,165.8,163.9,2
2012-02-27,MANJIMUP,premium_95,163.9,164.9,165.8,163.9,2
2012-02-28,MANJIMUP,premium_95,163.9,165.2,166.4,163.9,2
2012-02-29,MANJIMUP,premium_95,166.4,166.7,166.9,166.4,2
2013-01-01,MANJIMUP,premium_95,163.2,163.2,163.2,163.2,1
2013-01-02,MANJIMUP,premium_95,163.2,163.2,163.2,163.2,1
2013-01-03,MANJIMUP,premium_95,163.2,163.2,163.2,163.2,1
2013-01-04,MANJIMUP,premium_95,163.2,163.2,163.2,163.2,1
2013-01-05,MANJIMUP,premium_95,163.2,163.2,163.2,163.2,1
2013-01-06,MANJIMUP,premium_95,163.2,163.2,163.2,163.2,1
2013-01-07,MANJIMUP,premium_95,163.2,163.2,163.2,163.2,1
2013-01-08,MANJIMUP,premium_95,163.2,163.2,163.2,163.2,1
2013-01-09,MANJIMUP,premium_95,163.2,163.2,163.2,163.2,1
2013-01-10,MANJIMUP,premium_95,163.2,163.2,163.2,163.2,1
2013-01-11,MANJIMUP,premium_95,163.2,163.2,163.2,163.2,1
2013-01-12,MANJIMUP,premium_95,163.2,163.2,163.2,163.2,1
2013-01-13,MANJIMUP,premium_95,163.2,163.2,163.2,163.2,1
2013-01-14,MANJIMUP,premium_95,163.2,163.2,163.2,163.2,1
2013-01-15,MANJIMUP,premium_95,161.8,161.8,161.8,161.8,1
2013-01-16,MANJIMUP,premium_95,161.8,161.8,161.8,161.8,1
2013-01-17,MANJIMUP,premium_95,161.8,161.8,161.8,161.8,1
2013-01-18,MANJIMUP,premium_95,161.8,161.8,161.8,161.8,1
2013-01-19,MANJIMUP,premium_95,161.8,161.8,161.8,161.8,1
2013-01-20,MANJIMUP,premium_95,161.8,161.8,161.8,161.8,1
2013-01-21,MANJIMUP,premium_95,161.8,161.8,161.8,161.8,1
2013-01-22,MANJIMUP,premium_95,161.8,161.8,161.8,161.8,1
2013-01-23,MANJIMUP,premium_95,161.8,161.8,161.8,161.8,1
2013-01-24,MANJIMUP,premium_95,161.8,161.8,161.8,161.8,1
2013-01-25,MANJIMUP,premium_95,161.8,161.8,161.8,161.8,1
2013-01-26,MANJIMUP,premium_95,161.8,161.8,161.8,161.8,1
2013-01-27,MANJIMUP,premium_95,161.8,161.8,161.8,161.8,1
2013-01-28,MANJIMUP,premium_95,161.8,161.8,161.8,161.8,1
2013-01-29,MANJIMUP,premium_95,161.8,161.8,161.8,161.8,1
2013-01-30,MANJIMUP,premium_95,161.8,161.8,161.8,161.8,1
2013-01-31,MANJIMUP,premium_95,161.8,161.8,161.8,161.8,1
2013-02-01,MANJIMUP,premium_95,161.8,161.8,161.8,161.8,1
2013-02-02,MANJIMUP,premium_95,161.8,161.8,161.8,161.8,1
2013-02-03,MANJIMUP,premium_95,161.8,161.8,161.8,161.8,1
2013-02-04,MANJIMUP,premium_95,161.8,161.8,161.8,161.8,1
2013-02-05,MANJIMUP,premium_95,163.5,163.5,163.5,163.5,1
2013-02-06,MANJIMUP,premium_95,163.5,163.5,163.5,163.5,1
2013-02-07,MANJIMUP,premium_95,165.5,165.5,165.5,165.5,1
2013-02-08,MANJIMUP,premium_95,165.5,165.5,165.5,165.5,1
2013-02-09,MANJIMUP,premium_95,165.5,165.5,165.5,165.5,1
2013-02-10,MANJIMUP,premium_95,165.5,165.5,165.5,165.5,1
2013-02-11,MANJIMUP,premium_95,165.5,165.5,165.5,165.5,1
2013-02-12,MANJIMUP,premium_95,165.5,165.5,165.5,165.5,1
2013-02-13,MANJIMUP,premium_95,168.5,168.5,168.5,168.5,1
2013-02-14,MANJIMUP,premium_95,168.5,168.5,168.5,168.5,1
2013-02-15,MANJIMUP,premium_95,168.5,168.5,168.5,168.5,1
2013-02-16,MANJIMUP,premium_95,168.5,168.5,168.5,168.5,1
2013-02-17,MANJIMUP,premium_95,168.5,168.5,168.5,168.5,1
2013-02-18,MANJIMUP,premium_95,168.5,168.5,168.5,168.5,1
2013-02-19,MANJIMUP,premium_95,168.5,168.5,168.5,168.5,1
2013-02-20,MANJIMUP,premium_95,168.5,168.5,168.5,168.5,1
2013-02-21,MANJIMUP,premium_95,168.5,168.5,168.5,168.5,1
2013-02-22,MANJIMUP,premium_95,168.5,168.5,168.5,168.5,1
2013-02-23,MANJIMUP,premium_95,168.5,168.5,168.5,168.5,1
2013-02-24,MANJIMUP,premium_95,168.5,168.5,168.5,168.5,1
2013-02-25,MANJIMUP,premium_95,168.5,168.5,168.5,168.5,1
2013-02-26,MANJIMUP,premium_95,168.5,168.5,168.5,168.5,1
2013-02-27,MANJIMUP,premium_95,171.5,171.5,171.5,171.5,1
2013-02-28,MANJIMUP,premium_95,171.5,171.5,171.5,171.5,1
2014-01-01,MANJIMUP,premium_95,170.5,173.2,175.9,170.5,2
2014-01-02,MANJIMUP,premium_95,171.5,173.7,175.9,171.5,2
2014-01-03,MANJIMUP,premium_95,171.5,173.7,175.9,171.5,2
2014-01-04,MANJIMUP,premium_95,171.5,173.7,175.9,171.5,2
2014-01-05,MANJIMUP,premium_95,171.5,173.7,175.9,171.5,2
2014-01-06,MANJIMUP,premium_95,171.5,173.7,175.9,171.5,2
2014-01-07,MANJIMUP,premium_95,171.5,173.7,175.9,171.5,2
2014-01-08,MANJIMUP,premium_95,171.5,173.7,175.9,171.5,2
2014-01-09,MANJIMUP,premium_95,171.5,173.7,175.9,171.5,2
2014-01-10,MANJIMUP,premium_95,171.5,173.7,175.9,171.5,2
2014-01-11,MANJIMUP,premium_95,171.5,173.7,175.9,171.5,2
2014-01-12,MANJIMUP,premium_95,171.5,173.7,175.9,171.5,2
2014-01-13,MANJIMUP,premium_95,171.5,173.7,175.9,171.5,2
2014-01-14,MANJIMUP,premium_95,171.5,173.7,175.9,171.5,2
2014-01-15,MANJIMUP,premium_95,171.5,173.7,175.9,171.5,2
2014-01-16,MANJIMUP,premium_95,171.5,173.7,175.9,171.5,2
2014-01-17,MANJIMUP,premium_95,171.5,173.7,175.9,171.5,2
2014-01-18,MANJIMUP,premium_95,171.5,173.7,175.9,171.5,2
2014-01-19,MANJIMUP,premium_95,171.5,173.7,175.9,171.5,2
2014-01-20,MANJIMUP,premium_95,171.5,173.7,175.9,171.5,2
2014-01-21,MANJIMUP,premium_95,171.5,173.7,175.9,171.5,2
2014-01-22,MANJIMUP,premium_95,171.5,173.7,175.9,171.5,2
2014-01-23,MANJIMUP,premium_95,171.5,171.7,171.9,171.5,2
2014-01-24,MANJIMUP,premium_95,170.5,171.2,171.9,170.5,2
2014-01-25,MANJIMUP,premium_95,170.5,171.2,171.9,170.5,2
2014-01-26,MANJIMUP,premium_95,170.5,171.2,171.9,170.5,2
2014-01-27,MANJIMUP,premium_95,170.5,171.2,171.9,170.5,2
2014-01-28,MANJIMUP,premium_95,170.5,171.2,171.9,170.5,2
2014-01-29,MANJIMUP,premium_95,170.5,171.2,171.9,170.5,2
2014-01-30,MANJIMUP,premium_95,170.5,171.2,171.9,170.5,2
2014-01-31,MANJIMUP,premium_95,170.5,171.2,171.9,170.5,2
2014-02-01,MANJIMUP,premium_95,170.5,171.2,171.9,170.5,2
2014-02-02,MANJIMUP,premium_95,170.5,171.2,171.9,170.5,2
2014-02-03,MANJIMUP,premium_95,170.5,171.2,171.9,170.5,2
2014-02-04,MANJIMUP,premium_95,170.5,171.2,171.9,170.5,2
2014-02-05,MANJIMUP,premium_95,170.5,171.2,171.9,170.5,2
2014-02-06,MANJIMUP,premium_95,170.5,171.2,171.9,170.5,2
2014-02-07,MANJIMUP,premium_95,170.5,171.2,171.9,170.5,2
2014-02-08,MANJIMUP,premium_95,170.5,171.2,171.9,170.5,2
2014-02-09,MANJIMUP,premium_95,170.5,171.2,171.9,170.5,2
2014-02-10,MANJIMUP,premium_95,170.5,171.2,171.9,170.5,2
2014-02-11,MANJIMUP,premium_95,170.5,171.2,171.9,170.5,2
2014-02-12,MANJIMUP,premium_95,170.5,171.2,171.9,170.5,2
2014-02-13,MANJIMUP,premium_95,170.5,171.2,171.9,170.5,2
2014-02-14,MANJIMUP,premium_95,170.5,171.2,171.9,170.5,2
2014-02-15,MANJIMUP,premium_95,170.5,171.2,171.9,170.5,2
2014-02-16,MANJIMUP,premium_95,170.5,171.2,171.9,170.5,2
2014-02-17,MANJIMUP,premium_95,170.5,171.2,171.9,170.5,2
2014-02-18,MANJIMUP,premium_95,170.5,171.2,171.9,170.5,2
2014-02-19,MANJIMUP,premium_95,170.5,171.2,171.9,170.5,2
2014-02-20,MANJIMUP,premium_95,170.5,171.2,171.9,170.5,2
2014-02-21,MANJIMUP,premium_95,170.5,171.2,171.9,170.5,2
2014-02-22,MANJIMUP,premium_95,170.5,171.2,171.9,170.5,2
2014-02-23,MANJIMUP,premium_95,170.5,171.2,171.9,170.5,2
2014-02-24,MANJIMUP,premium_95,170.5,171.2,171.9,170.5,2
2014-02-25,MANJIMUP,premium_95,170.5,171.2,171.9,170.5,2
2014-02-26,MANJIMUP,premium_95,170.5,171.2,171.9,170.5,2
2014-02-27,MANJIMUP,premium_95,170.5,171.2,171.9,170.5,2
2014-02-28,MANJIMUP,premium_95,170.5,171.2,171.9,170.5,2
2015-01-01,MANJIMUP,premium_95,149.5,151.0,152.5,149.5,2
2015-01-02,MANJIMUP,premium_95,149.5,151.0,152.5,149.5,2
2015-01-03,MANJIMUP,premium_95,149.5,151.0,152.5,149.5,2
2015-01-04,MANJIMUP,premium_95,149.5,151.0,152.5,149.5,2
2015-01-05,MANJIMUP,premium_95,149.5,151.0,152.5,149.5,2
2015-01-06,MANJIMUP,premium_95,149.5,151.0,152.5,149.5,2
2015-01-07,MANJIMUP,premium_95,149.5,151.0,152.5,149.5,2
2015-01-08,MANJIMUP,premium_95,149.5,151.0,152.5,149.5,2
2015-01-09,MANJIMUP,premium_95,149.5,151.0,152.5,149.5,2
2015-01-10,MANJIMUP,premium_95,148.9,150.7,152.5,148.9,2
2015-01-11,MANJIMUP,premium_95,146.5,149.5,152.5,146.5,2
2015-01-12,MANJIMUP,premium_95,146.5,149.5,152.5,146.5,2
2015-01-13,MANJIMUP,premium_95,146.5,149.5,152.5,146.5,2
2015-01-14,MANJIMUP,premium_95,145.5,146.0,146.5,145.5,2
2015-01-15,MANJIMUP,premium_95,144.5,145.0,145.5,144.5,2
2015-01-16,MANJIMUP,premium_95,144.5,145.0,145.5,144.5,2
2015-01-17,MANJIMUP,premium_95,144.5,145.0,145.5,144.5,2
2015-01-18,MANJIMUP,premium_95,144.5,145.0,145.5,144.5,2
2015-01-19,MANJIMUP,premium_95,142.5,144.0,145.5,142.5,2
2015-01-20,MANJIMUP,premium_95,142.5,144.0,145.5,142.5,2
2015-01-21,MANJIMUP,premium_95,141.9,143.7,145.5,141.9,2
2015-01-22,MANJIMUP,premium_95,140.5,143.0,145.5,140.5,2
2015-01-23,MANJIMUP,premium_95,140.5,143.0,145.5,140.5,2
2015-01-24,MANJIMUP,premium_95,137.5,141.5,145.5,137.5,2
2015-01-25,MANJIMUP,premium_95,137.5,141.5,145.5,137.5,2
2015-01-26,MANJIMUP,premium_95,137.5,141.5,145.5,137.5,2
2015-01-27,MANJIMUP,premium_95,136.9,141.2,145.5,136.9,2
2015-01-28,MANJIMUP,premium_95,133.9,136.2,138.5,133.9,2
2015-01-29,MANJIMUP,premium_95,130.9,132.2,133.5,130.9,2
2015-01-30,MANJIMUP,premium_95,130.9,132.2,133.5,130.9,2
2015-01-31,MANJIMUP,premium_95,128.9,131.2,133.5,128.9,2
2015-02-01,MANJIMUP,premium_95,128.9,131.2,133.5,128.9,2
2015-02-02,MANJIMUP,premium_95,128.9,131.2,133.5,128.9,2
2015-02-03,MANJIMUP,premium_95,128.9,131.2,133.5,128.9,2
2015-02-04,MANJIMUP,premium_95,127.9,130.7,133.5,127.9,2
2015-02-05,MANJIMUP,premium_95,127.9,130.7,133.5,127.9,2
2015-02-06,MANJIMUP,premium_95,125.9,129.7,133.5,125.9,2
2015-02-07,MANJIMUP,premium_95,125.9,129.7,133.5,125.9,2
2015-02-08,MANJIMUP,premium_95,125.9,129.7,133.5,125.9,2
2015-02-09,MANJIMUP,premium_95,125.9,129.7,133.5,125.9,2
2015-02-10,MANJIMUP,premium_95,125.9,129.7,133.5,125.9,2
2015-02-11,MANJIMUP,premium_95,127.7,130.6,133.5,127.7,2
2015-02-12,MANJIMUP,premium_95,127.7,130.6,133.5,127.7,2
2015-02-13,MANJIMUP,premium_95,127.7,133.1,138.5,127.7,2
2015-02-14,MANJIMUP,premium_95,130.5,134.5,138.5,130.5,2
2015-02-15,MANJIMUP,premium_95,130.5,134.5,138.5,130.5,2
2015-02-16,MANJIMUP,premium_95,130.5,134.5,138.5,130.5,2
2015-02-17,MANJIMUP,premium_95,130.5,134.5,138.5,130.5,2
2015-02-18,MANJIMUP,premium_95,130.9,134.7,138.5,130.9,2
2015-02-19,MANJIMUP,premium_95,132.9,135.7,138.5,132.9,2
2015-02-20,MANJIMUP,premium_95,132.9,135.7,138.5,132.9,2
2015-02-21,MANJIMUP,premium_95,132.9,135.7,138.5,132.9,2
2015-02-22,MANJIMUP,premium_95,132.9,135.7,138.5,132.9,2
2015-02-23,MANJIMUP,premium_95,132.9,135.7,138.5,132.9,2
2015-02-24,MANJIMUP,premium_95,137.9,143.2,148.5,137.9,2
2015-02-25,MANJIMUP,premium_95,137.9,143.2,148.5,137.9,2
2015-02-26,MANJIMUP,premium_95,137.9,143.2,148.5,137.9,2
2015-02-27,MANJIMUP,premium_95,139.9,144.2,148.5,139.9,2
2015-02-28,MANJIMUP,premium_95,139.9,144.2,148.5,139.9,2
2016-01-01,MANJIMUP,premium_95,132.5,135.5,138.5,132.5,2
2016-01-02,MANJIMUP,premium_95,132.5,135.5,138.5,132.5,2
2016-01-03,MANJIMUP,premium_95,132.5,135.5,138.5,132.5,2
2016-01-04,MANJIMUP,premium_95,132.5,135.5,138.5,132.5,2
2016-01-05,MANJIMUP,premium_95,132.5,135.5,138.5,132.5,2
2016-01-06,MANJIMUP,premium_95,132.5,135.5,138.5,132.5,2
2016-01-07,MANJIMUP,premium_95,132.5,135.5,138.5,132.5,2
2016-01-08,MANJIMUP,premium_95,130.9,134.7,138.5,130.9,2
2016-01-09,MANJIMUP,premium_95,130.9,134.7,138.5,130.9,2
2016-01-10,MANJIMUP,premium_95,130.9,134.7,138.5,130.9,2
2016-01-11,MANJIMUP,premium_95,130.9,134.7,138.5,130.9,2
2016-01-12,MANJIMUP,premium_95,130.9,134.7,138.5,130.9,2
2016-01-13,MANJIMUP,premium_95,126.9,132.7,138.5,126.9,2
2016-01-14,MANJIMUP,premium_95,126.9,132.7,138.5,126.9,2
2016-01-15,MANJIMUP,premium_95,126.9,132.7,138.5,126.9,2
2016-01-16,MANJIMUP,premium_95,126.9,132.7,138.5,126.9,2
2016-01-17,MANJIMUP,premium_95,126.9,132.7,138.5,126.9,2
2016-01-18,MANJIMUP,premium_95,126.9,132.7,138.5,126.9,2
2016-01-19,MANJIMUP,premium_95,126.9,132.7,138.5,126.9,2
2016-01-20,MANJIMUP,premium_95,126.9,132.7,138.5,126.9,2
2016-01-21,MANJIMUP,premium_95,121.9,130.2,138.5,121.9,2
2016-01-22,MANJIMUP,premium_95,121.9,130.2,138.5,121.9,2
2016-01-23,MANJIMUP,premium_95,121.9,130.2,138.5,121.9,2
2016-01-24,MANJIMUP,premium_95,121.9,130.2,138.5,121.9,2
2016-01-25,MANJIMUP,premium_95,121.9,130.2,138.5,121.9,2
2016-01-26,MANJIMUP,premium_95,121.9,130.2,138.5,121.9,2
2016-01-27,MANJIMUP,premium_95,121.9,130.2,138.5,121.9,2
2016-01-28,MANJIMUP,premium_95,121.9,130.2,138.5,121.9,2
2016-01-29,MANJIMUP,premium_95,121.9,130.2,138.5,121.9,2
2016-01-30,MANJIMUP,premium_95,121.9,130.2,138.5,121.9,2
2016-01-31,MANJIMUP,premium_95,121.9,130.2,138.5,121.9,2
2016-02-01,MANJIMUP,premium_95,121.9,130.2,138.5,121.9,2
2016-02-02,MANJIMUP,premium_95,121.9,130.2,138.5,121.9,2
2016-02-03,MANJIMUP,premium_95,121.9,130.2,138.5,121.9,2
2016-02-04,MANJIMUP,premium_95,121.9,130.2,138.5,121.9,2
2016-02-05,MANJIMUP,premium_95,121.9,130.2,138.5,121.9,2
2016-02-06,MANJIMUP,premium_95,121.9,130.2,138.5,121.9,2
2016-02-07,MANJIMUP,premium_95,121.9,130.2,138.5,121.9,2
2016-02-08,MANJIMUP,premium_95,121.9,130.2,138.5,121.9,2
2016-02-09,MANJIMUP,premium_95,121.9,130.2,138.5,121.9,2
2016-02-10,MANJIMUP,premium_95,121.9,130.2,138.5,121.9,2
2016-02-11,MANJIMUP,premium_95,121.9,130.2,138.5,121.9,2
2016-02-12,MANJIMUP,premium_95,121.9,130.2,138.5,121.9,2
2016-02-13,MANJIMUP,premium_95,121.9,130.2,138.5,121.9,2
2016-02-14,MANJIMUP,premium_95,121.9,130.2,138.5,121.9,2
2016-02-15,MANJIMUP,premium_95,121.9,130.2,138.5,121.9,2
2016-02-16,MANJIMUP,premium_95,121.9,124.7,127.5,121.9,2
2016-02-17,MANJIMUP,premium_95,120.9,124.2,127.5,120.9,2
2016-02-18,MANJIMUP,premium_95,120.9,124.2,127.5,120.9,2
2016-02-19,MANJIMUP,premium_95,120.9,124.2,127.5,120.9,2
2016-02-20,MANJIMUP,premium_95,120.9,124.2,127.5,120.9,2
2016-02-21,MANJIMUP,premium_95,120.9,124.2,127.5,120.9,2
2016-02-22,MANJIMUP,premium_95,120.9,124.2,127.5,120.9,2
2016-02-23,MANJIMUP,premium_95,120.9,124.2,127.5,120.9,2
2016-02-24,MANJIMUP,premium_95,120.9,124.2,127.5,120.9,2
2016-02-25,MANJIMUP,premium_95,120.9,124.2,127.5,120.9,2
2016-02-26,MANJIMUP,premium_95,120.9,124.2,127.5,120.9,2
2016-02-27,MANJIMUP,premium_95,120.9,124.2,127.5,120.9,2
2016-02-28,MANJIMUP,premium_95,120.9,124.2,127.5,120.9,2
2016-02-29,MANJIMUP,premium_95,120.9,124.2,127.5,120.9,2
2017-01-01,MANJIMUP,premium_95,135.9,140.7,145.5,135.9,2
2017-01-02,MANJIMUP,premium_95,135.9,140.7,145.5,135.9,2
2017-01-03,MANJIMUP,premium_95,135.9,140.7,145.5,135.9,2
2017-01-04,MANJIMUP,premium_95,135.9,140.7,145.5,135.9,2
2017-01-05,MANJIMUP,premium_95,137.9,141.7,145.5,137.9,2
2017-01-06,MANJIMUP,premium_95,137.9,141.7,145.5,137.9,2
2017-01-07,MANJIMUP,premium_95,137.9,141.7,145.5,137.9,2
2017-01-08,MANJIMUP,premium_95,137.9,141.7,145.5,137.9,2
2017-01-09,MANJIMUP,premium_95,137.9,141.7,145.5,137.9,2
2017-01-10,MANJIMUP,premium_95,137.9,141.7,145.5,137.9,2
2017-01-11,MANJIMUP,premium_95,137.9,141.7,145.5,137.9,2
2017-01-12,MANJIMUP,premium_95,137.9,141.7,145.5,137.9,2
2017-01-13,MANJIMUP,premium_95,140.9,143.2,145.5,140.9,2
2017-01-14,MANJIMUP,premium_95,140.9,143.2,145.5,140.9,2
2017-01-15,MANJIMUP,premium_95,140.9,143.2,145.5,140.9,2
2017-01-16,MANJIMUP,premium_95,140.9,143.2,145.5,140.9,2
2017-01-17,MANJIMUP,premium_95,140.9,143.2,145.5,140.9,2
2017-01-18,MANJIMUP,premium_95,140.9,143.2,145.5,140.9,2
2017-01-19,MANJIMUP,premium_95,140.9,143.2,145.5,140.9,2
2017-01-20,MANJIMUP,premium_95,140.9,143.2,145.5,140.9,2
2017-01-21,MANJIMUP,premium_95,140.9,143.2,145.5,140.9,2
2017-01-22,MANJIMUP,premium_95,140.9,143.2,145.5,140.9,2
2017-01-23,MANJIMUP,premium_95,140.9,143.2,145.5,140.9,2
2017-01-24,MANJIMUP,premium_95,140.9,143.2,145.5,140.9,2
2017-01-25,MANJIMUP,premium_95,140.9,143.2,145.5,140.9,2
2017-01-26,MANJIMUP,premium_95,140.9,143.2,145.5,140.9,2
2017-01-27,MANJIMUP,premium_95,140.9,143.2,145.5,140.9,2
2017-01-28,MANJIMUP,premium_95,140.9,143.2,145.5,140.9,2
2017-01-29,MANJIMUP,premium_95,140.9,143.2,145.5,140.9,2
2017-01-30,MANJIMUP,premium_95,140.9,143.2,145.5,140.9,2
2017-01-31,MANJIMUP,premium_95,140.9,143.2,145.5,140.9,2
2017-02-01,MANJIMUP,premium_95,140.9,143.2,145.5,140.9,2
2017-02-02,MANJIMUP,premium_95,140.9,143.2,145.5,140.9,2
2017-02-03,MANJIMUP,premium_95,140.9,143.2,145.5,140.9,2
2017-02-04,MANJIMUP,premium_95,140.9,143.2,145.5,140.9,2
2017-02-05,MANJIMUP,premium_95,140.9,143.2,145.5,140.9,2
2017-02-06,MANJIMUP,premium_95,140.9,143.2,145.5,140.9,2
2017-02-07,MANJIMUP,premium_95,140.9,143.2,145.5,140.9,2
2017-02-08,MANJIMUP,premium_95,140.9,143.2,145.5,140.9,2
2017-02-09,MANJIMUP,premium_95,140.9,143.2,145.5,140.9,2
2017-02-10,MANJIMUP,premium_95,140.9,143.2,145.5,140.9,2
2017-02-11,MANJIMUP,premium_95,140.9,143.2,145.5,140.9,2
2017-02-12,MANJIMUP,premium_95,140.9,143.2,145.5,140.9,2
2017-02-13,MANJIMUP,premium_95,140.9,143.2,145.5,140.9,2
2017-02-14,MANJIMUP,premium_95,140.9,143.2,145.5,140.9,2
2017-02-15,MANJIMUP,premium_95,140.9,143.2,145.5,140.9,2
2017-02-16,MANJIMUP,premium_95,140.9,143.2,145.5,140.9,2
2017-02-17,MANJIMUP,premium_95,140.9,143.2,145.5,140.9,2
2017-02-18,MANJIMUP,premium_95,140.9,143.2,145.5,140.9,2
2017-02-19,MANJIMUP,premium_95,140.9,143.2,145.5,140.9,2
2017-02-20,MANJIMUP,premium_95,140.9,143.2,145.5,140.9,2
2017-02-21,MANJIMUP,premium_95,140.9,143.2,145.5,140.9,2
2017-02-22,MANJIMUP,premium_95,140.9,143.2,145.5,140.9,2
2017-02-23,MANJIMUP,premium_95,140.9,143.2,145.5,140.9,2
2017-02-24,MANJIMUP,premium_95,140.9,143.2,145.5,140.9,2
2017-02-25,MANJIMUP,premium_95,140.9,143.2,145.5,140.9,2
2017-02-26,MANJIMUP,premium_95,140.9,143.2,145.5,140.9,2
2017-02-27,MANJIMUP,premium_95,140.9,143.2,145.5,140.9,2
2017-02-28,MANJIMUP,premium_95,140.9,143.2,145.5,140.9,2
2018-01-01,MANJIMUP,premium_95,151.9,153.9,155.9,151.9,2
2018-01-02,MANJIMUP,premium_95,151.9,153.9,155.9,151.9,2
2018-01-03,MANJIMUP,premium_95,151.9,153.9,155.9,151.9,2
2018-01-04,MANJIMUP,premium_95,151.9,153.9,155.9,151.9,2
2018-01-05,MANJIMUP,premium_95,151.9,153.9,155.9,151.9,2
2018-01-06,MANJIMUP,premium_95,151.9,153.9,155.9,151.9,2
2018-01-07,MANJIMUP,premium_95,151.9,153.9,155.9,151.9,2
2018-01-08,MANJIMUP,premium_95,151.9,153.9,155.9,151.9,2
2018-01-09,MANJIMUP,premium_95,151.9,153.9,155.9,151.9,2
2018-01-10,MANJIMUP,premium_95,151.9,153.9,155.9,151.9,2
2018-01-11,MANJIMUP,premium_95,151.9,153.9,155.9,151.9,2
2018-01-12,MANJIMUP,premium_95,151.9,153.9,155.9,151.9,2
2018-01-13,MANJIMUP,premium_95,151.9,153.9,155.9,151.9,2
2018-01-14,MANJIMUP,premium_95,151.9,153.9,155.9,151.9,2
2018-01-15,MANJIMUP,premium_95,151.9,153.9,155.9,151.9,2
2018-01-16,MANJIMUP,premium_95,151.9,153.9,155.9,151.9,2
2018-01-17,MANJIMUP,premium_95,151.9,153.9,155.9,151.9,2
2018-01-18,MANJIMUP,premium_95,151.9,153.9,155.9,151.9,2
2018-01-19,MANJIMUP,premium_95,151.9,153.9,155.9,151.9,2
2018-01-20,MANJIMUP,premium_95,151.9,153.9,155.9,151.9,2
2018-01-21,MANJIMUP,premium_95,151.9,153.9,155.9,151.9,2
2018-01-22,MANJIMUP,premium_95,151.9,153.9,155.9,151.9,2
2018-01-23,MANJIMUP,premium_95,151.9,153.9,155.9,151.9,2
2018-01-24,MANJIMUP,premium_95,151.9,153.9,155.9,151.9,2
2018-01-25,MANJIMUP,premium_95,151.9,153.9,155.9,151.9,2
2018-01-26,MANJIMUP,premium_95,151.9,153.9,155.9,151.9,2
2018-01-27,MANJIMUP,premium_95,151.9,153.9,155.9,151.9,2
2018-01-28,MANJIMUP,premium_95,151.9,153.9,155.9,151.9,2
2018-01-29,MANJIMUP,premium_95,151.9,153.9,155.9,151.9,2
2018-01-30,MANJIMUP,premium_95,151.9,153.9,155.9,151.9,2
2018-01-31,MANJIMUP,premium_95,151.9,153.9,155.9,151.9,2
2018-02-01,MANJIMUP,premium_95,151.9,153.9,155.9,151.9,2
2018-02-02,MANJIMUP,premium_95,151.9,153.9,155.9,151.9,2
2018-02-03,MANJIMUP,premium_95,151.9,153.9,155.9,151.9,2
2018-02-04,MANJIMUP,premium_95,151.9,153.9,155.9,151.9,2
2018-02-05,MANJIMUP,premium_95,151.9,153.9,155.9,151.9,2
2018-02-06,MANJIMUP,premium_95,151.9,153.9,155.9,151.9,2
2018-02-07,MANJIMUP,premium_95,151.9,153.9,155.9,151.9,2
2018-02-08,MANJIMUP,premium_95,151.9,153.9,155.9,151.9,2
2018-02-09,MANJIMUP,premium_95,151.9,153.9,155.9,151.9,2
2018-02-10,MANJIMUP,premium_95,151.9,153.9,155.9,151.9,2
2018-02-11,MANJIMUP,premium_95,151.9,153.9,155.9,151.9,2
2018-02-12,MANJIMUP,premium_95,151.9,153.9,155.9,151.9,2
2018-02-13,MANJIMUP,premium_95,151.9,153.9,155.9,151.9,2
2018-02-14,MANJIMUP,premium_95,151.9,153.9,155.9,151.9,2
2018-02-15,MANJIMUP,premium_95,151.9,153.9,155.9,151.9,2
2018-02-16,MANJIMUP,premium_95,151.9,153.9,155.9,151.9,2
2018-02-17,MANJIMUP,premium_95,150.9,153.4,155.9,150.9,2
2018-02-18,MANJIMUP,premium_95,150.9,153.4,155.9,150.9,2
2018-02-19,MANJIMUP,premium_95,150.9,153.4,155.9,150.9,2
2018-02-20,MANJIMUP,premium_95,150.9,153.4,155.9,150.9,2
2018-02-21,MANJIMUP,premium_95,150.9,153.4,155.9,150.9,2
2018-02-22,MANJIMUP,premium_95,150.9,153.4,155.9,150.9,2
2018-02-23,MANJIMUP,premium_95,150.9,153.4,155.9,150.9,2
2018-02-24,MANJIMUP,premium_95,150.9,153.4,155.9,150.9,2
2018-02-25,MANJIMUP,premium_95,150.9,153.4,155.9,150.9,2
2018-02-26,MANJIMUP,premium_95,150.9,153.4,155.9,150.9,2
2018-02-27,MANJIMUP,premium_95,150.9,153.4,155.9,150.9,2
2018-02-28,MANJIMUP,premium_95,150.9,153.4,155.9,150.9,2
2019-01-01,MANJIMUP,premium_95,147.5,147.5,147.5,147.5,1
2019-01-02,MANJIMUP,premium_95,147.5,147.5,147.5,147.5,1
2019-01-03,MANJIMUP,premium_95,146.1,146.1,146.1,146.1,1
2019-01-04,MANJIMUP,premium_95,146.1,146.1,146.1,146.1,1
2019-01-05,MANJIMUP,premium_95,145.9,145.9,145.9,145.9,1
2019-01-06,MANJIMUP,premium_95,145.9,145.9,145.9,145.9,1
2019-01-07,MANJIMUP,premium_95,145.5,145.5,145.5,145.5,1
2019-01-08,MANJIMUP,premium_95,145.5,145.5,145.5,145.5,1
2019-01-09,MANJIMUP,premium_95,145.5,145.5,145.5,145.5,1
2019-01-10,MANJIMUP,premium_95,145.5,145.5,145.5,145.5,1
2019-01-11,MANJIMUP,premium_95,145.5,145.5,145.5,145.5,1
2019-01-12,MANJIMUP,premium_95,145.5,145.5,145.5,145.5,1
2019-01-13,MANJIMUP,premium_95,145.5,145.5,145.5,145.5,1
2019-01-14,MANJIMUP,premium_95,145.5,145.5,145.5,145.5,1
2019-01-15,MANJIMUP,premium_95,145.5,145.5,145.5,145.5,1
2019-01-16,MANJIMUP,premium_95,145.5,145.5,145.5,145.5,1
2019-01-17,MANJIMUP,premium_95,145.5,145.5,145.5,145.5,1
2019-01-18,MANJIMUP,premium_95,145.5,145.5,145.5,145.5,1
2019-01-19,MANJIMUP,premium_95,145.5,145.5,145.5,145.5,1
2019-01-20,MANJIMUP,premium_95,145.5,145.5,145.5,145.5,1
2019-01-21,MANJIMUP,premium_95,145.5,145.5,145.5,145.5,1
2019-01-22,MANJIMUP,premium_95,145.5,145.5,145.5,145.5,1
2019-01-23,MANJIMUP,premium_95,145.5,145.5,145.5,145.5,1
2019-01-24,MANJIMUP,premium_95,145.5,145.5,145.5,145.5,1
2019-01-25,MANJIMUP,premium_95,145.5,145.5,145.5,145.5,1
2019-01-26,MANJIMUP,premium_95,145.5,145.5,145.5,145.5,1
2019-01-27,MANJIMUP,premium_95,148.9,148.9,148.9,148.9,1
2019-01-28,MANJIMUP,premium_95,148.9,148.9,148.9,148.9,1
2019-01-29,MANJIMUP,premium_95,146.9,146.9,146.9,146.9,1
2019-01-30,MANJIMUP,premium_95,146.9,146.9,146.9,146.9,1
2019-01-31,MANJIMUP,premium_95,146.9,146.9,146.9,146.9,1
2019-02-01,MANJIMUP,premium_95,146.9,146.9,146.9,146.9,1
2019-02-02,MANJIMUP,premium_95,146.9,146.9,146.9,146.9,1
2019-02-03,MANJIMUP,premium_95,146.9,146.9,146.9,146.9,1
2019-02-04,MANJIMUP,premium_95,146.9,146.9,146.9,146.9,1
2019-02-05,MANJIMUP,premium_95,146.9,146.9,146.9,146.9,1
2019-02-06,MANJIMUP,premium_95,146.9,146.9,146.9,146.9,1
2019-02-07,MANJIMUP,premium_95,146.9,146.9,146.9,146.9,1
2019-02-08,MANJIMUP,premium_95,146.9,146.9,146.9,146.9,1
2019-02-09,MANJIMUP,premium_95,146.9,146.9,146.9,146.9,1
2019-02-10,MANJIMUP,premium_95,146.9,146.9,146.9,146.9,1
2019-02-11,MANJIMUP,premium_95,146.9,146.9,146.9,146.9,1
2019-02-12,MANJIMUP,premium_95,146.9,146.9,146.9,146.9,1
2019-02-13,MANJIMUP,premium_95,146.9,146.9,146.9,146.9,1
2019-02-14,MANJIMUP,premium_95,146.9,146.9,146.9,146.9,1
2019-02-15,MANJIMUP,premium_95,146.9,146.9,146.9,146.9,1
2019-02-16,MANJIMUP,premium_95,146.9,146.9,146.9,146.9,1
2019-02-17,MANJIMUP,premium_95,146.9,146.9,146.9,146.9,1
2019-02-18,MANJIMUP,premium_95,146.9,146.9,146.9,146.9,1
2019-02-19,MANJIMUP,premium_95,148.9,148.9,148.9,148.9,1
2019-02-20,MANJIMUP,premium_95,148.9,148.9,148.9,148.9,1
2019-02-21,MANJIMUP,premium_95,148.9,148.9,148.9,148.9,1
2019-02-22,MANJIMUP,premium_95,148.9,148.9,148.9,148.9,1
2019-02-23,MANJIMUP,premium_95,148.9,148.9,148.9,148.9,1
2019-02-24,MANJIMUP,premium_95,148.9,148.9,148.9,148.9,1
2019-02-25,MANJIMUP,premium_95,148.9,148.9,148.9,148.9,1
2019-02-26,MANJIMUP,premium_95,148.9,148.9,148.9,148.9,1
2019-02-27,MANJIMUP,premium_95,148.9,148.9,148.9,148.9,1
2019-02-28,MANJIMUP,premium_95,148.9,148.9,148.9,148.9,1
2020-01-01,MANJIMUP,premium_95,158.9,158.9,158.9,158.9,1
2020-01-02,MANJIMUP,premium_95,158.9,158.9,158.9,158.9,1
2020-01-03,MANJIMUP,premium_95,158.9,158.9,158.9,158.9,1
2020-01-04,MANJIMUP,premium_95,158.9,158.9,158.9,158.9,1
2020-01-05,MANJIMUP,premium_95,158.9,158.9,158.9,158.9,1
2020-01-06,MANJIMUP,premium_95,158.9,158.9,158.9,158.9,1
2020-01-07,MANJIMUP,premium_95,159.9,159.9,159.9,159.9,1
2020-01-08,MANJIMUP,premium_95,159.9,159.9,159.9,159.9,1
2020-01-09,MANJIMUP,premium_95,159.9,159.9,159.9,159.9,1
2020-01-10,MANJIMUP,premium_95,159.9,159.9,159.9,159.9,1
2020-01-11,MANJIMUP,premium_95,159.9,159.9,159.9,159.9,1
2020-01-12,MANJIMUP,premium_95,159.9,159.9,159.9,159.9,1
2020-01-13,MANJIMUP,premium_95,159.9,159.9,159.9,159.9,1
2020-01-14,MANJIMUP,premium_95,159.9,159.9,159.9,159.9,1
2020-01-15,MANJIMUP,premium_95,159.9,159.9,159.9,159.9,1
2020-01-16,MANJIMUP,premium_95,159.9,159.9,159.9,159.9,1
2020-01-17,MANJIMUP,premium_95,159.9,159.9,159.9,159.9,1
2020-01-18,MANJIMUP,premium_95,159.9,159.9,159.9,159.9,1
2020-01-19,MANJIMUP,premium_95,159.9,159.9,159.9,159.9,1
2020-01-20,MANJIMUP,premium_95,159.9,159.9,159.9,159.9,1
2020-01-21,MANJIMUP,premium_95,159.9,159.9,159.9,159.9,1
2020-01-22,MANJIMUP,premium_95,159.9,159.9,159.9,159.9,1
2020-01-23,MANJIMUP,premium_95,159.9,159.9,159.9,159.9,1
2020-01-24,MANJIMUP,premium_95,159.9,159.9,159.9,159.9,1
2020-01-25,MANJIMUP,premium_95,159.9,159.9,159.9,159.9,1
2020-01-26,MANJIMUP,premium_95,159.9,159.9,159.9,159.9,1
2020-01-27,MANJIMUP,premium_95,159.9,159.9,159.9,159.9,1
2020-01-28,MANJIMUP,premium_95,159.9,159.9,159.9,159.9,1
2020-01-29,MANJIMUP,premium_95,159.9,159.9,159.9,159.9,1
2020-01-30,MANJIMUP,premium_95,159.9,159.9,159.9,159.9,1
2020-01-31,MANJIMUP,premium_95,159.9,159.9,159.9,159.9,1
2020-02-01,MANJIMUP,premium_95,159.9,159.9,159.9,159.9,1
2020-02-02,MANJIMUP,premium_95,159.9,159.9,159.9,159.9,1
2020-02-03,MANJIMUP,premium_95,159.9,159.9,159.9,159.9,1
2020-02-04,MANJIMUP,premium_95,159.9,159.9,159.9,159.9,1
2020-02-05,MANJIMUP,premium_95,157.9,157.9,157.9,157.9,1
2020-02-06,MANJIMUP,premium_95,157.9,157.9,157.9,157.9,1
2020-02-07,MANJIMUP,premium_95,157.9,157.9,157.9,157.9,1
2020-02-08,MANJIMUP,premium_95,156.9,156.9,156.9,156.9,1
2020-02-09,MANJIMUP,premium_95,156.9,156.9,156.9,156.9,1
2020-02-10,MANJIMUP,premium_95,156.9,156.9,156.9,156.9,1
2020-02-11,MANJIMUP,premium_95,156.9,156.9,156.9,156.9,1
2020-02-12,MANJIMUP,premium_95,156.9,156.9,156.9,156.9,1
2020-02-13,MANJIMUP,premium_95,156.9,156.9,156.9,156.9,1
2020-02-14,MANJIMUP,premium_95,156.9,156.9,156.9,156.9,1
2020-02-15,MANJIMUP,premium_95,156.9,156.9,156.9,156.9,1
2020-02-16,MANJIMUP,premium_95,156.9,156.9,156.9,156.9,1
2020-02-17,MANJIMUP,premium_95,156.9,156.9,156.9,156.9,1
2020-02-18,MANJIMUP,premium_95,156.9,156.9,156.9,156.9,1
2020-02-19,MANJIMUP,premium_95,156.9,156.9,156.9,156.9,1
2020-02-20,MANJIMUP,premium_95,156.9,156.9,156.9,156.9,1
2020-02-21,MANJIMUP,premium_95,156.9,156.9,156.9,156.9,1
2020-02-22,MANJIMUP,premium_95,156.9,156.9,156.9,156.9,1
2020-02-23,MANJIMUP,premium_95,156.9,156.9,156.9,156.9,1
2020-02-24,MANJIMUP,premium_95,156.9,156.9,156.9,156.9,1
2020-02-25,MANJIMUP,premium_95,156.9,156.9,156.9,156.9,1
2020-02-26,MANJIMUP,premium_95,156.9,156.9,156.9,156.9,1
2020-02-27,MANJIMUP,premium_95,156.9,156.9,156.9,156.9,1
2020-02-28,MANJIMUP,premium_95,156.9,156.9,156.9,156.9,1
2020-02-29,MANJIMUP,premium_95,156.9,156.9,156.9,156.9,1
2021-01-01,MANJIMUP,premium_95,132.9,132.9,132.9,132.9,1
2021-01-02,MANJIMUP,premium_95,132.9,132.9,132.9,132.9,1
2021-01-03,MANJIMUP,premium_95,132.9,132.9,132.9,132.9,1
2021-01-04,MANJIMUP,premium_95,132.9,132.9,132.9,132.9,1
2021-01-05,MANJIMUP,premium_95,132.9,132.9,132.9,132.9,1
2021-01-06,MANJIMUP,premium_95,132.9,132.9,132.9,132.9,1
2021-01-07,MANJIMUP,premium_95,132.9,132.9,132.9,132.9,1
2021-01-08,MANJIMUP,premium_95,134.9,134.9,134.9,134.9,1
2021-01-09,MANJIMUP,premium_95,134.9,134.9,134.9,134.9,1
2021-01-10,MANJIMUP,premium_95,135.9,135.9,135.9,135.9,1
2021-01-11,MANJIMUP,premium_95,135.9,135.9,135.9,135.9,1
2021-01-12,MANJIMUP,premium_95,135.9,135.9,135.9,135.9,1
2021-01-13,MANJIMUP,premium_95,135.9,135.9,135.9,135.9,1
2021-01-14,MANJIMUP,premium_95,135.9,135.9,135.9,135.9,1
2021-01-15,MANJIMUP,premium_95,135.9,135.9,135.9,135.9,1
2021-01-16,MANJIMUP,premium_95,137.9,137.9,137.9,137.9,1
2021-01-17,MANJIMUP,premium_95,137.9,137.9,137.9,137.9,1
2021-01-18,MANJIMUP,premium_95,137.9,137.9,137.9,137.9,1
2021-01-19,MANJIMUP,premium_95,137.9,137.9,137.9,137.9,1
2021-01-20,MANJIMUP,premium_95,137.9,137.9,137.9,137.9,1
2021-01-21,MANJIMUP,premium_95,137.9,137.9,137.9,137.9,1
2021-01-22,MANJIMUP,premium_95,137.9,137.9,137.9,137.9,1
2021-01-23,MANJIMUP,premium_95,138.9,138.9,138.9,138.9,1
2021-01-24,MANJIMUP,premium_95,138.9,138.9,138.9,138.9,1
2021-01-25,MANJIMUP,premium_95,138.9,138.9,138.9,138.9,1
2021-01-26,MANJIMUP,premium_95,138.9,138.9,138.9,138.9,1
2021-01-27,MANJIMUP,premium_95,138.9,138.9,138.9,138.9,1
2021-01-28,MANJIMUP,premium_95,138.9,138.9,138.9,138.9,1
2021-01-29,MANJIMUP,premium_95,138.9,138.9,138.9,138.9,1
2021-01-30,MANJIMUP,premium_95,138.9,138.9,138.9,138.9,1
2021-01-31,MANJIMUP,premium_95,138.9,138.9,138.9,138.9,1
2022-01-01,MANJIMUP,premium_95,176.9,176.9,176.9,176.9,1
2022-01-02,MANJIMUP,premium_95,176.9,176.9,176.9,176.9,1
2022-01-03,MANJIMUP,premium_95,176.9,176.9,176.9,176.9,1
2022-01-04,MANJIMUP,premium_95,176.9,176.9,176.9,176.9,1
2022-01-05,MANJIMUP,premium_95,176.9,176.9,176.9,176.9,1
2022-01-06,MANJIMUP,premium_95,176.9,176.9,176.9,176.9,1
2022-01-07,MANJIMUP,premium_95,178.9,178.9,178.9,178.9,1
2022-01-08,MANJIMUP,premium_95,178.9,178.9,178.9,178.9,1
2022-01-09,MANJIMUP,premium_95,178.9,178.9,178.9,178.9,1
2022-01-10,MANJIMUP,premium_95,178.9,178.9,178.9,178.9,1
2022-01-11,MANJIMUP,premium_95,178.9,178.9,178.9,178.9,1
2022-01-12,MANJIMUP,premium_95,178.9,178.9,178.9,178.9,1
2022-01-13,MANJIMUP,premium_95,178.9,178.9,178.9,178.9,1
2022-01-14,MANJIMUP,premium_95,180.9,180.9,180.9,180.9,1
2022-01-15,MANJIMUP,premium_95,180.9,180.9,180.9,180.9,1
2022-01-16,MANJIMUP,premium_95,180.9,180.9,180.9,180.9,1
2022-01-17,MANJIMUP,premium_95,180.9,180.9,180.9,180.9,1
2022-01-18,MANJIMUP,premium_95,180.9,180.9,180.9,180.9,1
2022-01-19,MANJIMUP,premium_95,180.9,180.9,180.9,180.9,1
2022-01-20,MANJIMUP,premium_95,180.9,180.9,180.9,180.9,1
2022-01-21,MANJIMUP,premium_95,180.9,180.9,180.9,180.9,1
2022-01-22,MANJIMUP,premium_95,181.9,181.9,181.9,181.9,1
2022-01-23,MANJIMUP,premium_95,182.9,182.9,182.9,182.9,1
2022-01-24,MANJIMUP,premium_95,182.9,182.9,182.9,182.9,1
2022-01-25,MANJIMUP,premium_95,182.9,182.9,182.9,182.9,1
2022-01-26,MANJIMUP,premium_95,182.9,182.9,182.9,182.9,1
2022-01-27,MANJIMUP,premium_95,182.9,182.9,182.9,182.9,1
2022-01-28,MANJIMUP,premium_95,182.9,182.9,182.9,182.9,1
2022-01-29,MANJIMUP,premium_95,182.9,182.9,182.9,182.9,1
2022-01-30,MANJIMUP,premium_95,182.9,182.9,182.9,182.9,1
2022-01-31,MANJIMUP,premium_95,182.9,182.9,182.9,182.9,1
2023-01-01,MANJIMUP,premium_95,192.9,192.9,192.9,192.9,1
2023-01-02,MANJIMUP,premium_95,192.9,192.9,192.9,192.9,1
2023-01-03,MANJIMUP,premium_95,192.9,192.9,192.9,192.9,1
2023-01-04,MANJIMUP,premium_95,192.9,192.9,192.9,192.9,1
2023-01-05,MANJIMUP,premium_95,192.9,192.9,192.9,192.9,1
2023-01-06,MANJIMUP,premium_95,192.9,192.9,192.9,192.9,1
2023-01-07,MANJIMUP,premium_95,192.9,192.9,192.9,192.9,1
2023-01-08,MANJIMUP,premium_95,192.9,192.9,192.9,192.9,1
2023-01-09,MANJIMUP,premium_95,192.9,192.9,192.9,192.9,1
2023-01-10,MANJIMUP,premium_95,192.9,192.9,192.9,192.9,1
2023-01-11,MANJIMUP,premium_95,192.9,192.9,192.9,192.9,1
2023-01-12,MANJIMUP,premium_95,192.9,192.9,192.9,192.9,1
2023-01-13,MANJIMUP,premium_95,192.9,192.9,192.9,192.9,1
2023-01-14,MANJIMUP,premium_95,192.9,192.9,192.9,192.9,1
2023-01-15,MANJIMUP,premium_95,192.9,192.9,192.9,192.9,1
2023-01-16,MANJIMUP,premium_95,192.9,192.9,192.9,192.9,1
2023-01-17,MANJIMUP,premium_95,192.9,192.9,192.9,192.9,1
2023-01-18,MANJIMUP,premium_95,192.9,192.9,192.9,192.9,1
2023-01-19,MANJIMUP,premium_95,192.9,192.9,192.9,192.9,1
2023-01-20,MANJIMUP,premium_95,192.9,192.9,192.9,192.9,1
2023-01-21,MANJIMUP,premium_95,192.9,192.9,192.9,192.9,1
2023-01-22,MANJIMUP,premium_95,192.9,192.9,192.9,192.9,1
2023-01-23,MANJIMUP,premium_95,192.9,192.9,192.9,192.9,1
2023-01-24,MANJIMUP,premium_95,192.9,192.9,192.9,192.9,1
2023-01-25,MANJIMUP,premium_95,193.9,193.9,193.9,193.9,1
2023-01-26,MANJIMUP,premium_95,193.9,193.9,193.9,193.9,1
2023-01-27,MANJIMUP,premium_95,193.9,193.9,193.9,193.9,1
2023-01-28,MANJIMUP,premium_95,193.9,193.9,193.9,193.9,1
2023-01-29,MANJIMUP,premium_95,193.9,193.9,193.9,193.9,1
2023-01-30,MANJIMUP,premium_95,193.9,193.9,193.9,193.9,1
2023-01-31,MANJIMUP,premium_95,193.9,193.9,193.9,193.9,1
2024-01-01,MANJIMUP,premium_95,202.9,202.9,202.9,202.9,1
2024-01-02,MANJIMUP,premium_95,202.9,202.9,202.9,202.9,1
2024-01-03,MANJIMUP,premium_95,202.9,202.9,202.9,202.9,1
2024-01-04,MANJIMUP,premium_95,202.9,202.9,202.9,202.9,1
2024-01-05,MANJIMUP,premium_95,201.9,201.9,201.9,201.9,1
2024-01-06,MANJIMUP,premium_95,201.9,201.9,201.9,201.9,1
2024-01-07,MANJIMUP,premium_95,201.9,201.9,201.9,201.9,1
2024-01-08,MANJIMUP,premium_95,201.9,201.9,201.9,201.9,1
2024-01-09,MANJIMUP,premium_95,199.9,199.9,199.9,199.9,1
2024-01-10,MANJIMUP,premium_95,199.9,199.9,199.9,199.9,1
2024-01-11,MANJIMUP,premium_95,199.9,199.9,199.9,199.9,1
2024-01-12,MANJIMUP,premium_95,199.9,199.9,199.9,199.9,1
2024-01-13,MANJIMUP,premium_95,198.9,198.9,198.9,198.9,1
2024-01-14,MANJIMUP,premium_95,198.9,198.9,198.9,198.9,1
2024-01-15,MANJIMUP,premium_95,198.9,198.9,198.9,198.9,1
2024-01-16,MANJIMUP,premium_95,198.9,198.9,198.9,198.9,1
2024-01-17,MANJIMUP,premium_95,198.9,198.9,198.9,198.9,1
2024-01-18,MANJIMUP,premium_95,198.9,198.9,198.9,198.9,1
2024-01-19,MANJIMUP,premium_95,200.9,200.9,200.9,200.9,1
2024-01-20,MANJIMUP,premium_95,200.9,200.9,200.9,200.9,1
2024-01-21,MANJIMUP,premium_95,200.9,200.9,200.9,200.9,1
2024-01-22,MANJIMUP,premium_95,200.9,200.9,200.9,200.9,1
2024-01-23,MANJIMUP,premium_95,200.9,200.9,200.9,200.9,1
2024-01-24,MANJIMUP,premium_95,201.9,201.9,201.9,201.9,1
2024-01-25,MANJIMUP,premium_95,201.9,201.9,201.9,201.9,1
2024-01-26,MANJIMUP,premium_95,203.9,203.9,203.9,203.9,1
2024-01-27,MANJIMUP,premium_95,203.9,203.9,203.9,203.9,1
2024-01-28,MANJIMUP,premium_95,203.9,203.9,203.9,203.9,1
2024-01-29,MANJIMUP,premium_95,203.9,203.9,203.9,203.9,1
2024-01-30,MANJIMUP,premium_95,203.9,203.9,203.9,203.9,1
2024-01-31,MANJIMUP,premium_95,205.9,205.9,205.9,205.9,1
2025-01-01,MANJIMUP,premium_95,198.9,198.9,198.9,198.9,1
2025-01-02,MANJIMUP,premium_95,198.9,198.9,198.9,198.9,1
2025-01-03,MANJIMUP,premium_95,198.9,198.9,198.9,198.9,1
2025-01-04,MANJIMUP,premium_95,198.9,198.9,198.9,198.9,1
2025-01-05,MANJIMUP,premium_95,198.9,198.9,198.9,198.9,1
2025-01-06,MANJIMUP,premium_95,198.9,198.9,198.9,198.9,1
2025-01-07,MANJIMUP,premium_95,198.9,198.9,198.9,198.9,1
2025-01-08,MANJIMUP,premium_95,199.9,199.9,199.9,199.9,1
2025-01-09,MANJIMUP,premium_95,199.9,199.9,199.9,199.9,1
2025-01-10,MANJIMUP,premium_95,199.9,199.9,199.9,199.9,1
2025-01-11,MANJIMUP,premium_95,200.9,200.9,200.9,200.9,1
2025-01-12,MANJIMUP,premium_95,200.9,200.9,200.9,200.9,1
2025-01-13,MANJIMUP,premium_95,200.9,200.9,200.9,200.9,1
2025-01-14,MANJIMUP,premium_95,200.9,200.9,200.9,200.9,1
2025-01-15,MANJIMUP,premium_95,200.9,200.9,200.9,200.9,1
2025-01-16,MANJIMUP,premium_95,200.9,200.9,200.9,200.9,1
2025-01-17,MANJIMUP,premium_95,202.9,202.9,202.9,202.9,1
2025-01-18,MANJIMUP,premium_95,202.9,202.9,202.9,202.9,1
2025-01-19,MANJIMUP,premium_95,202.9,202.9,202.9,202.9,1
2025-01-20,MANJIMUP,premium_95,202.9,202.9,202.9,202.9,1
2025-01-21,MANJIMUP,premium_95,202.9,202.9,202.9,202.9,1
2025-01-22,MANJIMUP,premium_95,203.9,203.9,203.9,203.9,1
2025-01-23,MANJIMUP,premium_95,203.9,203.9,203.9,203.9,1
2025-01-24,MANJIMUP,premium_95,203.9,203.9,203.9,203.9,1
2025-01-25,MANJIMUP,premium_95,201.9,201.9,201.9,201.9,1
2025-01-26,MANJIMUP,premium_95,200.9,200.9,200.9,200.9,1
2025-01-27,MANJIMUP,premium_95,200.9,200.9,200.9,200.9,1
2025-01-28,MANJIMUP,premium_95,200.9,200.9,200.9,200.9,1
2025-01-29,MANJIMUP,premium_95,200.9,200.9,200.9,200.9,1
2025-01-30,MANJIMUP,premium_95,200.9,200.9,200.9,200.9,1
2025-01-31,MANJIMUP,premium_95,202.9,202.9,202.9,202.9,1
2026-01-01,MANJIMUP,premium_95,192.9,192.9,192.9,192.9,1
2026-01-02,MANJIMUP,premium_95,192.9,192.9,192.9,192.9,1
2026-01-03,MANJIMUP,premium_95,191.9,191.9,191.9,191.9,1
2026-01-04,MANJIMUP,premium_95,191.9,191.9,191.9,191.9,1
2026-01-05,MANJIMUP,premium_95,191.9,191.9,191.9,191.9,1
2026-01-06,MANJIMUP,premium_95,191.9,191.9,191.9,191.9,1
2026-01-07,MANJIMUP,premium_95,189.9,189.9,189.9,189.9,1
2026-01-08,MANJIMUP,premium_95,189.9,189.9,189.9,189.9,1
2026-01-09,MANJIMUP,premium_95,188.9,188.9,188.9,188.9,1
2026-01-10,MANJIMUP,premium_95,189.9,189.9,189.9,189.9,1
2026-01-11,MANJIMUP,premium_95,189.9,189.9,189.9,189.9,1
2026-01-12,MANJIMUP,premium_95,188.9,188.9,188.9,188.9,1
2026-01-13,MANJIMUP,premium_95,188.9,188.9,188.9,188.9,1
2026-01-14,MANJIMUP,premium_95,188.9,188.9,188.9,188.9,1
2026-01-15,MANJIMUP,premium_95,188.9,188.9,188.9,188.9,1
2026-01-16,MANJIMUP,premium_95,188.9,188.9,188.9,188.9,1
2026-01-17,MANJIMUP,premium_95,188.9,188.9,188.9,188.9,1
2026-01-18,MANJIMUP,premium_95,188.9,188.9,188.9,188.9,1
2026-01-19,MANJIMUP,premium_95,188.9,188.9,188.9,188.9,1
2026-01-20,MANJIMUP,premium_95,187.9,187.9,187.9,187.9,1
2026-01-21,MANJIMUP,premium_95,187.9,187.9,187.9,187.9,1
2026-01-22,MANJIMUP,premium_95,187.9,187.9,187.9,187.9,1
2026-01-23,MANJIMUP,premium_95,187.9,187.9,187.9,187.9,1
2026-01-24,MANJIMUP,premium_95,188.9,188.9,188.9,188.9,1
2026-01-25,MANJIMUP,premium_95,188.9,188.9,188.9,188.9,1
2026-01-26,MANJIMUP,premium_95,190.9,190.9,190.9,190.9,1
2026-01-27,MANJIMUP,premium_95,190.9,190.9,190.9,190.9,1
2026-01-28,MANJIMUP,premium_95,190.9,190.9,190.9,190.9,1
2026-01-29,MANJIMUP,premium_95,190.9,190.9,190.9,190.9,1
2026-01-30,MANJIMUP,premium_95,190.9,190.9,190.9,190.9,1
2026-01-31,MANJIMUP,premium_95,190.9,190.9,190.9,190.9,1
